   10.2333336    
    66.     68.     70.     72.     74.     76.
    66.     72.     79.     84.     89.     95.
    67.     76.     87.     97.    104.    114.
    67.     81.     95.    109.    119.    133.
    67.     85.    104.    121.    135.    152.
    68.     89.    112.    133.    150.    171.
    68.     93.    121.    145.    165.    190.
    68.     97.    129.    158.    181.    209.
    69.    101.    137.    170.    196.    228.
    69.    106.    146.    182.    211.    248.
    69.    110.    154.    194.    226.    267.
    70.    114.    163.    207.    242.    286.
    70.    118.    171.    219.    257.    305.
    70.    122.    179.    231.    272.    324.
    71.    127.    188.    243.    288.    343.
    71.    131.    196.    256.    303.    362.
    72.    135.    205.    268.    318.    382.
    72.    139.    213.    280.    334.    401.
    72.    143.    222.    293.    349.    420.
    73.    148.    230.    305.    364.    439.
    73.    152.    239.    317.    380.    458.
    73.    156.    247.    330.    395.    477.
    74.    160.    256.    342.    410.    497.
    74.    165.    264.    354.    426.    516.
    75.    169.    273.    367.    441.    535.
    75.    173.    281.    379.    457.    554.
    75.    177.    290.    391.    472.    573.
    76.    182.    298.    404.    487.    593.
    76.    186.    307.    416.    503.    612.
    77.    190.    315.    428.    518.    631.
    77.    195.    324.    441.    534.    650.
    77.    199.    332.    453.    549.    669.
    78.    203.    341.    465.    564.    689.
    78.    208.    349.    478.    580.    708.
    79.    212.    358.    490.    595.    727.
    79.    216.    366.    503.    611.    746.
    80.    221.    375.    515.    626.    766.
    80.    225.    384.    527.    641.    785.
    80.    229.    392.    540.    657.    804.
    81.    234.    401.    552.    672.    823.
    81.    238.    409.    565.    688.    843.
    82.    242.    418.    577.    703.    862.
    82.    247.    427.    590.    719.    881.
    83.    251.    435.    602.    734.    901.
    83.    255.    444.    614.    750.    920.
    84.    260.    452.    627.    765.    939.
    84.    264.    461.    639.    781.    959.
    85.    269.    470.    652.    796.    978.
    85.    273.    478.    664.    812.    997.
    86.    278.    487.    677.    827.   1016.
    86.    282.    496.    689.    843.   1036.
    87.    286.    504.    702.    858.   1055.
    87.    291.    513.    714.    874.   1074.
    88.    295.    522.    727.    889.   1094.
    88.    300.    530.    739.    905.   1113.
    89.    304.    539.    752.    920.   1132.
    89.    309.    548.    765.    936.   1152.
    90.    313.    556.    777.    951.   1171.
    90.    318.    565.    790.    967.   1191.
    91.    322.    574.    802.    982.   1210.
    91.    327.    583.    815.    998.   1229.
    92.    331.    591.    827.   1014.   1249.
    92.    336.    600.    840.   1029.   1268.
    93.    340.    609.    853.   1045.   1287.
    93.    345.    618.    865.   1060.   1307.
    94.    349.    626.    878.   1076.   1326.
    94.    354.    635.    890.   1091.   1346.
    95.    358.    644.    903.   1107.   1365.
    96.    363.    653.    916.   1123.   1384.
    96.    368.    661.    928.   1138.   1404.
    97.    372.    670.    941.   1154.   1423.
    97.    377.    679.    954.   1170.   1443.
    98.    381.    688.    966.   1185.   1462.
    98.    386.    697.    979.   1201.   1482.
    99.    390.    705.    992.   1216.   1501.
   100.    395.    714.   1004.   1232.   1520.
   100.    400.    723.   1017.   1248.   1540.
   101.    404.    732.   1030.   1263.   1559.
   101.    409.    741.   1042.   1279.   1579.
   102.    413.    749.   1055.   1295.   1598.
   103.    418.    758.   1068.   1310.   1618.
   103.    423.    767.   1080.   1326.   1637.
   104.    427.    776.   1093.   1342.   1657.
   104.    432.    785.   1106.   1357.   1676.
   105.    437.    794.   1119.   1373.   1696.
   106.    441.    803.   1131.   1389.   1715.
   106.    446.    812.   1144.   1405.   1735.
   107.    451.    820.   1157.   1420.   1754.
   108.    455.    829.   1170.   1436.   1774.
   108.    460.    838.   1182.   1452.   1793.
   109.    465.    847.   1195.   1467.   1813.
   110.    469.    856.   1208.   1483.   1832.
   110.    474.    865.   1221.   1499.   1852.
   111.    479.    874.   1234.   1515.   1871.
   112.    484.    883.   1246.   1530.   1891.
   112.    488.    892.   1259.   1546.   1910.
   113.    493.    901.   1272.   1562.   1930.
   114.    498.    910.   1285.   1578.   1949.
   114.    503.    919.   1298.   1593.   1969.
   115.    507.    928.   1310.   1609.   1988.
   116.    512.    937.   1323.   1625.   2008.
   117.    517.    946.   1336.   1641.   2028.
   117.    522.    955.   1349.   1657.   2047.
   118.    526.    964.   1362.   1672.   2067.
   119.    531.    973.   1375.   1688.   2086.
   120.    536.    982.   1387.   1704.   2106.
   120.    541.    991.   1400.   1720.   2126.
   121.    546.   1000.   1413.   1736.   2145.
   122.    550.   1009.   1426.   1751.   2165.
   123.    555.   1018.   1439.   1767.   2184.
   123.    560.   1027.   1452.   1783.   2204.
   124.    565.   1036.   1465.   1799.   2224.
   125.    570.   1045.   1478.   1815.   2243.
   126.    575.   1054.   1490.   1831.   2263.
   127.    579.   1063.   1503.   1847.   2282.
   127.    584.   1072.   1516.   1862.   2302.
   128.    589.   1081.   1529.   1878.   2322.
   129.    594.   1090.   1542.   1894.   2341.
   130.    599.   1099.   1555.   1910.   2361.
   131.    604.   1108.   1568.   1926.   2381.
   131.    609.   1118.   1581.   1942.   2400.
   132.    614.   1127.   1594.   1958.   2420.
   133.    618.   1136.   1607.   1974.   2440.
   134.    623.   1145.   1620.   1990.   2459.
   135.    628.   1154.   1633.   2005.   2479.
   136.    633.   1163.   1646.   2021.   2499.
   137.    638.   1172.   1659.   2037.   2518.
   137.    643.   1181.   1672.   2053.   2538.
   138.    648.   1191.   1685.   2069.   2558.
   139.    653.   1200.   1698.   2085.   2578.
   140.    658.   1209.   1711.   2101.   2597.
   141.    663.   1218.   1724.   2117.   2617.
   142.    668.   1227.   1737.   2133.   2637.
   143.    673.   1237.   1750.   2149.   2656.
   144.    678.   1246.   1763.   2165.   2676.
   145.    683.   1255.   1776.   2181.   2696.
   146.    688.   1264.   1789.   2197.   2716.
   146.    693.   1273.   1802.   2213.   2735.
   147.    698.   1283.   1815.   2229.   2755.
   148.    703.   1292.   1828.   2245.   2775.
   149.    708.   1301.   1841.   2261.   2795.
   150.    713.   1310.   1854.   2277.   2814.
   151.    718.   1319.   1867.   2293.   2834.
   152.    723.   1329.   1880.   2309.   2854.
   153.    728.   1338.   1893.   2325.   2874.
   154.    733.   1347.   1906.   2341.   2893.
   155.    738.   1357.   1919.   2357.   2913.
   156.    743.   1366.   1932.   2373.   2933.
   157.    748.   1375.   1946.   2389.   2953.
   158.    753.   1384.   1959.   2405.   2973.
   159.    759.   1394.   1972.   2421.   2992.
   160.    764.   1403.   1985.   2437.   3012.
   161.    769.   1412.   1998.   2453.   3032.
   162.    774.   1422.   2011.   2469.   3052.
   163.    779.   1431.   2024.   2485.   3072.
   164.    784.   1440.   2037.   2501.   3092.
   165.    789.   1450.   2051.   2517.   3111.
   167.    794.   1459.   2064.   2534.   3131.
   168.    800.   1468.   2077.   2550.   3151.
   169.    805.   1478.   2090.   2566.   3171.
   170.    810.   1487.   2103.   2582.   3191.
   171.    815.   1496.   2116.   2598.   3211.
   172.    820.   1506.   2130.   2614.   3230.
   173.    825.   1515.   2143.   2630.   3250.
   174.    831.   1525.   2156.   2646.   3270.
   175.    836.   1534.   2169.   2662.   3290.
   176.    841.   1543.   2182.   2679.   3310.
   178.    846.   1553.   2196.   2695.   3330.
   179.    851.   1562.   2209.   2711.   3350.
   180.    857.   1572.   2222.   2727.   3370.
   181.    862.   1581.   2235.   2743.   3390.
   182.    867.   1590.   2249.   2759.   3410.
   183.    872.   1600.   2262.   2776.   3429.
   185.    878.   1609.   2275.   2792.   3449.
   186.    883.   1619.   2288.   2808.   3469.
   187.    888.   1628.   2302.   2824.   3489.
   188.    894.   1638.   2315.   2840.   3509.
   189.    899.   1647.   2328.   2856.   3529.
   191.    904.   1657.   2341.   2873.   3549.
   192.    909.   1666.   2355.   2889.   3569.
   193.    915.   1675.   2368.   2905.   3589.
   194.    920.   1685.   2381.   2921.   3609.
   195.    925.   1694.   2395.   2938.   3629.
   197.    931.   1704.   2408.   2954.   3649.
   198.    936.   1713.   2421.   2970.   3669.
   199.    941.   1723.   2435.   2986.   3689.
   200.    947.   1733.   2448.   3002.   3709.
   202.    952.   1742.   2461.   3019.   3729.
   203.    957.   1752.   2475.   3035.   3749.
   204.    963.   1761.   2488.   3051.   3769.
   206.    968.   1771.   2501.   3068.   3789.
   207.    974.   1780.   2515.   3084.   3809.
   208.    979.   1790.   2528.   3100.   3829.
   210.    984.   1799.   2541.   3116.   3849.
   211.    990.   1809.   2555.   3133.   3869.
   212.    995.   1819.   2568.   3149.   3889.
   214.   1001.   1828.   2581.   3165.   3909.
   215.   1006.   1838.   2595.   3182.   3929.
   216.   1012.   1847.   2608.   3198.   3949.
   218.   1017.   1857.   2622.   3214.   3969.
   219.   1023.   1866.   2635.   3231.   3989.
   220.   1028.   1876.   2648.   3247.   4009.
   222.   1033.   1886.   2662.   3263.   4029.
   223.   1039.   1895.   2675.   3280.   4049.
   225.   1044.   1905.   2689.   3296.   4070.
   226.   1050.   1915.   2702.   3312.   4090.
   227.   1055.   1924.   2716.   3329.   4110.
   229.   1061.   1934.   2729.   3345.   4130.
   230.   1066.   1944.   2743.   3361.   4150.
   232.   1072.   1953.   2756.   3378.   4170.
   233.   1077.   1963.   2769.   3394.   4190.
   235.   1083.   1973.   2783.   3410.   4211.
   236.   1089.   1982.   2796.   3427.   4231.
   238.   1094.   1992.   2810.   3443.   4251.
   239.   1100.   2002.   2823.   3460.   4271.
   241.   1105.   2011.   2837.   3476.   4291.
   242.   1111.   2021.   2850.   3492.   4312.
   243.   1116.   2031.   2864.   3509.   4332.
   245.   1122.   2041.   2877.   3525.   4352.
   247.   1127.   2050.   2891.   3542.   4372.
   248.   1133.   2060.   2905.   3558.   4393.
   250.   1139.   2070.   2918.   3575.   4413.
   251.   1144.   2079.   2932.   3591.   4433.
   253.   1150.   2089.   2945.   3608.   4453.
   254.   1156.   2099.   2959.   3624.   4474.
   256.   1161.   2109.   2972.   3640.   4494.
   257.   1167.   2119.   2986.   3657.   4514.
   259.   1172.   2128.   2999.   3673.   4534.
   260.   1178.   2138.   3013.   3690.   4555.
   262.   1184.   2148.   3027.   3706.   4575.
   264.   1189.   2158.   3040.   3723.   4595.
   265.   1195.   2168.   3054.   3739.   4616.
   267.   1201.   2177.   3067.   3756.   4636.
   268.   1206.   2187.   3081.   3772.   4656.
   270.   1212.   2197.   3095.   3789.   4677.
   272.   1218.   2207.   3108.   3805.   4697.
   273.   1223.   2217.   3122.   3822.   4718.
   275.   1229.   2227.   3135.   3839.   4738.
   277.   1235.   2236.   3149.   3855.   4758.
   278.   1241.   2246.   3163.   3872.   4779.
   280.   1246.   2256.   3176.   3888.   4799.
   282.   1252.   2266.   3190.   3905.   4820.
   283.   1258.   2276.   3204.   3921.   4840.
   285.   1264.   2286.   3217.   3938.   4860.
   287.   1269.   2296.   3231.   3955.   4881.
   288.   1275.   2306.   3245.   3971.   4901.
   290.   1281.   2316.   3258.   3988.   4922.
   292.   1287.   2325.   3272.   4004.   4942.
   293.   1292.   2335.   3286.   4021.   4963.
   295.   1298.   2345.   3299.   4038.   4983.
   297.   1304.   2355.   3313.   4054.   5004.
   299.   1310.   2365.   3327.   4071.   5024.
   300.   1316.   2375.   3341.   4088.   5045.
   302.   1322.   2385.   3354.   4104.   5065.
   304.   1327.   2395.   3368.   4121.   5086.
   306.   1333.   2405.   3382.   4138.   5106.
   307.   1339.   2415.   3396.   4154.   5127.
   309.   1345.   2425.   3409.   4171.   5147.
   311.   1351.   2435.   3423.   4188.   5168.
   313.   1357.   2445.   3437.   4205.   5189.
   315.   1362.   2455.   3451.   4221.   5209.
   316.   1368.   2465.   3464.   4238.   5230.
   318.   1374.   2475.   3478.   4255.   5250.
   320.   1380.   2485.   3492.   4272.   5271.
   322.   1386.   2495.   3506.   4288.   5292.
   324.   1392.   2505.   3519.   4305.   5312.
   326.   1398.   2515.   3533.   4322.   5333.
   327.   1404.   2525.   3547.   4339.   5353.
   329.   1410.   2535.   3561.   4355.   5374.
   331.   1416.   2545.   3575.   4372.   5395.
   333.   1422.   2555.   3589.   4389.   5415.
   335.   1428.   2565.   3602.   4406.   5436.
   337.   1434.   2575.   3616.   4423.   5457.
   339.   1439.   2586.   3630.   4440.   5477.
   341.   1445.   2596.   3644.   4456.   5498.
   342.   1451.   2606.   3658.   4473.   5519.
   344.   1457.   2616.   3672.   4490.   5540.
   346.   1463.   2626.   3685.   4507.   5560.
   348.   1469.   2636.   3699.   4524.   5581.
   350.   1475.   2646.   3713.   4541.   5602.
   352.   1481.   2656.   3727.   4558.   5622.
   354.   1487.   2667.   3741.   4575.   5643.
   356.   1493.   2677.   3755.   4592.   5664.
   358.   1499.   2687.   3769.   4608.   5685.
   360.   1506.   2697.   3783.   4625.   5705.
   362.   1512.   2707.   3797.   4642.   5726.
   364.   1518.   2717.   3810.   4659.   5747.
   366.   1524.   2727.   3824.   4676.   5768.
   368.   1530.   2738.   3838.   4693.   5789.
   370.   1536.   2748.   3852.   4710.   5809.
   372.   1542.   2758.   3866.   4727.   5830.
   374.   1548.   2768.   3880.   4744.   5851.
   376.   1554.   2778.   3894.   4761.   5872.
   378.   1560.   2789.   3908.   4778.   5893.
   380.   1566.   2799.   3922.   4795.   5914.
   382.   1572.   2809.   3936.   4812.   5935.
   384.   1579.   2819.   3950.   4829.   5955.
   386.   1585.   2830.   3964.   4846.   5976.
   388.   1591.   2840.   3978.   4863.   5997.
   391.   1597.   2850.   3992.   4880.   6018.
   393.   1603.   2860.   4006.   4897.   6039.
   395.   1609.   2871.   4020.   4914.   6060.
   397.   1615.   2881.   4034.   4931.   6081.
   399.   1622.   2891.   4048.   4949.   6102.
   401.   1628.   2902.   4063.   4966.   6123.
   403.   1634.   2912.   4077.   4983.   6144.
   405.   1640.   2922.   4091.   5000.   6165.
   407.   1646.   2932.   4105.   5017.   6185.
   410.   1652.   2943.   4119.   5034.   6206.
   412.   1659.   2953.   4133.   5051.   6227.
   414.   1665.   2963.   4147.   5068.   6248.
   416.   1671.   2974.   4161.   5086.   6269.
   418.   1677.   2984.   4175.   5103.   6290.
   420.   1684.   2994.   4190.   5120.   6311.
   423.   1690.   3005.   4204.   5137.   6332.
   425.   1696.   3015.   4218.   5154.   6353.
   427.   1702.   3026.   4232.   5171.   6375.
   429.   1709.   3036.   4246.   5189.   6396.
   431.   1715.   3046.   4260.   5206.   6417.
   434.   1721.   3057.   4275.   5223.   6438.
   436.   1727.   3067.   4289.   5240.   6459.
   438.   1734.   3078.   4303.   5258.   6480.
   440.   1740.   3088.   4317.   5275.   6501.
   443.   1746.   3098.   4331.   5292.   6522.
   445.   1753.   3109.   4346.   5309.   6543.
   447.   1759.   3119.   4360.   5327.   6564.
   449.   1765.   3130.   4374.   5344.   6585.
   452.   1772.   3140.   4388.   5361.   6606.
   454.   1778.   3151.   4403.   5378.   6628.
   456.   1784.   3161.   4417.   5396.   6649.
   459.   1791.   3171.   4431.   5413.   6670.
   461.   1797.   3182.   4446.   5430.   6691.
   463.   1803.   3192.   4460.   5448.   6712.
   465.   1810.   3203.   4474.   5465.   6733.
   468.   1816.   3213.   4488.   5482.   6755.
   470.   1823.   3224.   4503.   5500.   6776.
   472.   1829.   3234.   4517.   5517.   6797.
   475.   1835.   3245.   4531.   5534.   6818.
   477.   1842.   3255.   4546.   5552.   6839.
   480.   1848.   3266.   4560.   5569.   6861.
   482.   1855.   3276.   4575.   5587.   6882.
   484.   1861.   3287.   4589.   5604.   6903.
   487.   1867.   3298.   4603.   5621.   6924.
   489.   1874.   3308.   4618.   5639.   6946.
   491.   1880.   3319.   4632.   5656.   6967.
   494.   1887.   3329.   4647.   5674.   6988.
   496.   1893.   3340.   4661.   5691.   7009.
   499.   1900.   3350.   4675.   5709.   7031.
   501.   1906.   3361.   4690.   5726.   7052.
   503.   1913.   3372.   4704.   5743.   7073.
   506.   1919.   3382.   4719.   5761.   7095.
   508.   1926.   3393.   4733.   5778.   7116.
   511.   1932.   3403.   4748.   5796.   7137.
   513.   1939.   3414.   4762.   5813.   7159.
   516.   1945.   3425.   4777.   5831.   7180.
   518.   1952.   3435.   4791.   5848.   7201.
   521.   1958.   3446.   4806.   5866.   7223.
   523.   1965.   3456.   4820.   5883.   7244.
   526.   1971.   3467.   4835.   5901.   7265.
   528.   1978.   3478.   4849.   5919.   7287.
   531.   1984.   3488.   4864.   5936.   7308.
   533.   1991.   3499.   4878.   5954.   7330.
   536.   1998.   3510.   4893.   5971.   7351.
   538.   2004.   3520.   4907.   5989.   7372.
   541.   2011.   3531.   4922.   6006.   7394.
   543.   2017.   3542.   4936.   6024.   7415.
   546.   2024.   3552.   4951.   6042.   7437.
   548.   2031.   3563.   4966.   6059.   7458.
   551.   2037.   3574.   4980.   6077.   7480.
   553.   2044.   3585.   4995.   6094.   7501.
   556.   2050.   3595.   5009.   6112.   7523.
   559.   2057.   3606.   5024.   6130.   7544.
   561.   2064.   3617.   5039.   6147.   7566.
   564.   2070.   3627.   5053.   6165.   7587.
   566.   2077.   3638.   5068.   6183.   7609.
   569.   2084.   3649.   5083.   6200.   7630.
   572.   2090.   3660.   5097.   6218.   7652.
   574.   2097.   3670.   5112.   6236.   7673.
   577.   2104.   3681.   5127.   6253.   7695.
   579.   2110.   3692.   5141.   6271.   7716.
   582.   2117.   3703.   5156.   6289.   7738.
   585.   2124.   3714.   5171.   6307.   7759.
   587.   2130.   3724.   5185.   6324.   7781.
   590.   2137.   3735.   5200.   6342.   7803.
   593.   2144.   3746.   5215.   6360.   7824.
   595.   2151.   3757.   5230.   6378.   7846.
   598.   2157.   3768.   5244.   6395.   7867.
   601.   2164.   3778.   5259.   6413.   7889.
   603.   2171.   3789.   5274.   6431.   7911.
   606.   2178.   3800.   5289.   6449.   7932.
   609.   2184.   3811.   5303.   6467.   7954.
   612.   2191.   3822.   5318.   6484.   7975.
   614.   2198.   3833.   5333.   6502.   7997.
   617.   2205.   3844.   5348.   6520.   8019.
   620.   2212.   3855.   5363.   6538.   8040.
   623.   2218.   3865.   5377.   6556.   8062.
   625.   2225.   3876.   5392.   6573.   8084.
   628.   2232.   3887.   5407.   6591.   8106.
   631.   2239.   3898.   5422.   6609.   8127.
   634.   2246.   3909.   5437.   6627.   8149.
   636.   2253.   3920.   5452.   6645.   8171.
   639.   2259.   3931.   5467.   6663.   8192.
   642.   2266.   3942.   5481.   6681.   8214.
   645.   2273.   3953.   5496.   6699.   8236.
   648.   2280.   3964.   5511.   6717.   8258.
   650.   2287.   3975.   5526.   6735.   8279.
   653.   2294.   3986.   5541.   6752.   8301.
   656.   2301.   3997.   5556.   6770.   8323.
   659.   2308.   4008.   5571.   6788.   8345.
   662.   2314.   4019.   5586.   6806.   8367.
   665.   2321.   4030.   5601.   6824.   8388.
   667.   2328.   4041.   5616.   6842.   8410.
   670.   2335.   4052.   5631.   6860.   8432.
   673.   2342.   4063.   5646.   6878.   8454.
   676.   2349.   4074.   5661.   6896.   8476.
   679.   2356.   4085.   5676.   6914.   8498.
   682.   2363.   4096.   5691.   6932.   8519.
   685.   2370.   4107.   5706.   6950.   8541.
   688.   2377.   4118.   5721.   6968.   8563.
   691.   2384.   4129.   5736.   6986.   8585.
   694.   2391.   4141.   5751.   7004.   8607.
   697.   2398.   4152.   5766.   7022.   8629.
   699.   2405.   4163.   5781.   7040.   8651.
   702.   2412.   4174.   5796.   7059.   8673.
   705.   2419.   4185.   5811.   7077.   8694.
   708.   2426.   4196.   5826.   7095.   8716.
   711.   2433.   4207.   5841.   7113.   8738.
   714.   2440.   4219.   5856.   7131.   8760.
   717.   2447.   4230.   5871.   7149.   8782.
   720.   2454.   4241.   5886.   7167.   8804.
   723.   2461.   4252.   5901.   7185.   8826.
   726.   2468.   4263.   5916.   7203.   8848.
   729.   2475.   4274.   5932.   7222.   8870.
   732.   2482.   4286.   5947.   7240.   8892.
   735.   2489.   4297.   5962.   7258.   8914.
   738.   2496.   4308.   5977.   7276.   8936.
   741.   2504.   4319.   5992.   7294.   8958.
   745.   2511.   4331.   6007.   7312.   8980.
   748.   2518.   4342.   6023.   7331.   9002.
   751.   2525.   4353.   6038.   7349.   9024.
   754.   2532.   4364.   6053.   7367.   9046.
   757.   2539.   4376.   6068.   7385.   9068.
   760.   2546.   4387.   6083.   7403.   9090.
   763.   2553.   4398.   6099.   7422.   9113.
   766.   2561.   4410.   6114.   7440.   9135.
   769.   2568.   4421.   6129.   7458.   9157.
   772.   2575.   4432.   6144.   7476.   9179.
   776.   2582.   4444.   6159.   7495.   9201.
   779.   2589.   4455.   6175.   7513.   9223.
   782.   2596.   4466.   6190.   7531.   9245.
   785.   2604.   4478.   6205.   7550.   9267.
   788.   2611.   4489.   6221.   7568.   9289.
   791.   2618.   4500.   6236.   7586.   9312.
   795.   2625.   4512.   6251.   7604.   9334.
   798.   2632.   4523.   6266.   7623.   9356.
   801.   2640.   4534.   6282.   7641.   9378.
   804.   2647.   4546.   6297.   7659.   9400.
   807.   2654.   4557.   6312.   7678.   9422.
   811.   2661.   4569.   6328.   7696.   9445.
   814.   2669.   4580.   6343.   7715.   9467.
   817.   2676.   4592.   6358.   7733.   9489.
   820.   2683.   4603.   6374.   7751.   9511.
   824.   2690.   4614.   6389.   7770.   9533.
   827.   2698.   4626.   6405.   7788.   9556.
   830.   2705.   4637.   6420.   7807.   9578.
   833.   2712.   4649.   6435.   7825.   9600.
   837.   2719.   4660.   6451.   7843.   9622.
   840.   2727.   4672.   6466.   7862.   9645.
   843.   2734.   4683.   6482.   7880.   9667.
   847.   2741.   4695.   6497.   7899.   9689.
   850.   2749.   4706.   6512.   7917.   9712.
   853.   2756.   4718.   6528.   7936.   9734.
   856.   2763.   4729.   6543.   7954.   9756.
   860.   2771.   4741.   6559.   7973.   9779.
   863.   2778.   4752.   6574.   7991.   9801.
   867.   2785.   4764.   6590.   8010.   9823.
   870.   2793.   4776.   6605.   8028.   9846.
   873.   2800.   4787.   6621.   8047.   9868.
   877.   2808.   4799.   6636.   8065.   9890.
   880.   2815.   4810.   6652.   8084.   9913.
   883.   2822.   4822.   6667.   8102.   9935.
   887.   2830.   4834.   6683.   8121.   9957.
   890.   2837.   4845.   6698.   8139.   9980.
   894.   2845.   4857.   6714.   8158.  10002.
   897.   2852.   4868.   6729.   8176.  10025.
   900.   2859.   4880.   6745.   8195.  10047.
   904.   2867.   4892.   6761.   8214.  10069.
   907.   2874.   4903.   6776.   8232.  10092.
   911.   2882.   4915.   6792.   8251.  10114.
   914.   2889.   4927.   6807.   8269.  10137.
   918.   2897.   4938.   6823.   8288.  10159.
   921.   2904.   4950.   6838.   8307.  10182.
   925.   2912.   4962.   6854.   8325.  10204.
   928.   2919.   4973.   6870.   8344.  10227.
   932.   2927.   4985.   6885.   8363.  10249.
   935.   2934.   4997.   6901.   8381.  10272.
   939.   2942.   5009.   6917.   8400.  10294.
   942.   2949.   5020.   6932.   8419.  10317.
   946.   2957.   5032.   6948.   8437.  10339.
   949.   2964.   5044.   6964.   8456.  10362.
   953.   2972.   5056.   6979.   8475.  10384.
   956.   2979.   5067.   6995.   8493.  10407.
   960.   2987.   5079.   7011.   8512.  10429.
   963.   2994.   5091.   7026.   8531.  10452.
   967.   3002.   5103.   7042.   8550.  10475.
   970.   3010.   5115.   7058.   8568.  10497.
   974.   3017.   5126.   7074.   8587.  10520.
   978.   3025.   5138.   7089.   8606.  10542.
   981.   3032.   5150.   7105.   8625.  10565.
   985.   3040.   5162.   7121.   8643.  10588.
   988.   3048.   5174.   7137.   8662.  10610.
   992.   3055.   5186.   7152.   8681.  10633.
   996.   3063.   5197.   7168.   8700.  10655.
   999.   3070.   5209.   7184.   8719.  10678.
  1003.   3078.   5221.   7200.   8737.  10701.
  1007.   3086.   5233.   7216.   8756.  10723.
  1010.   3093.   5245.   7231.   8775.  10746.
  1014.   3101.   5257.   7247.   8794.  10769.
  1018.   3109.   5269.   7263.   8813.  10791.
  1021.   3116.   5281.   7279.   8832.  10814.
  1025.   3124.   5293.   7295.   8850.  10837.
  1029.   3132.   5305.   7311.   8869.  10860.
  1032.   3139.   5317.   7326.   8888.  10882.
  1036.   3147.   5328.   7342.   8907.  10905.
  1040.   3155.   5340.   7358.   8926.  10928.
  1043.   3162.   5352.   7374.   8945.  10950.
  1047.   3170.   5364.   7390.   8964.  10973.
  1051.   3178.   5376.   7406.   8983.  10996.
  1055.   3186.   5388.   7422.   9002.  11019.
  1058.   3193.   5400.   7438.   9021.  11042.
  1062.   3201.   5412.   7454.   9040.  11064.
  1066.   3209.   5424.   7470.   9059.  11087.
  1070.   3217.   5436.   7486.   9077.  11110.
  1073.   3224.   5448.   7501.   9096.  11133.
  1077.   3232.   5461.   7517.   9115.  11156.
  1081.   3240.   5473.   7533.   9134.  11178.
  1085.   3248.   5485.   7549.   9153.  11201.
  1089.   3255.   5497.   7565.   9172.  11224.
  1092.   3263.   5509.   7581.   9191.  11247.
  1096.   3271.   5521.   7597.   9210.  11270.
  1100.   3279.   5533.   7613.   9230.  11293.
  1104.   3287.   5545.   7629.   9249.  11316.
  1108.   3294.   5557.   7645.   9268.  11338.
  1111.   3302.   5569.   7661.   9287.  11361.
  1115.   3310.   5581.   7678.   9306.  11384.
  1119.   3318.   5594.   7694.   9325.  11407.
  1123.   3326.   5606.   7710.   9344.  11430.
  1127.   3334.   5618.   7726.   9363.  11453.
  1131.   3342.   5630.   7742.   9382.  11476.
  1135.   3349.   5642.   7758.   9401.  11499.
  1139.   3357.   5654.   7774.   9420.  11522.
  1142.   3365.   5667.   7790.   9439.  11545.
  1146.   3373.   5679.   7806.   9459.  11568.
  1150.   3381.   5691.   7822.   9478.  11591.
  1154.   3389.   5703.   7838.   9497.  11614.
  1158.   3397.   5715.   7855.   9516.  11637.
  1162.   3405.   5728.   7871.   9535.  11660.
  1166.   3413.   5740.   7887.   9554.  11683.
  1170.   3421.   5752.   7903.   9573.  11706.
  1174.   3428.   5764.   7919.   9593.  11729.
  1178.   3436.   5777.   7935.   9612.  11752.
  1182.   3444.   5789.   7952.   9631.  11775.
  1186.   3452.   5801.   7968.   9650.  11798.
  1190.   3460.   5813.   7984.   9669.  11821.
  1194.   3468.   5826.   8000.   9689.  11844.
  1198.   3476.   5838.   8016.   9708.  11867.
  1202.   3484.   5850.   8033.   9727.  11890.
  1206.   3492.   5863.   8049.   9746.  11913.
  1210.   3500.   5875.   8065.   9766.  11936.
  1214.   3508.   5887.   8081.   9785.  11959.
  1218.   3516.   5900.   8098.   9804.  11982.
  1222.   3524.   5912.   8114.   9824.  12006.
  1226.   3532.   5924.   8130.   9843.  12029.
  1230.   3540.   5937.   8146.   9862.  12052.
  1234.   3548.   5949.   8163.   9881.  12075.
  1238.   3556.   5961.   8179.   9901.  12098.
  1242.   3564.   5974.   8195.   9920.  12121.
  1246.   3573.   5986.   8212.   9939.  12145.
  1251.   3581.   5999.   8228.   9959.  12168.
  1255.   3589.   6011.   8244.   9978.  12191.
  1259.   3597.   6023.   8261.   9997.  12214.
  1263.   3605.   6036.   8277.  10017.  12237.
  1267.   3613.   6048.   8293.  10036.  12260.
  1271.   3621.   6061.   8310.  10056.  12284.
  1275.   3629.   6073.   8326.  10075.  12307.
  1279.   3637.   6086.   8342.  10094.  12330.
  1284.   3645.   6098.   8359.  10114.  12353.
  1288.   3653.   6111.   8375.  10133.  12377.
  1292.   3662.   6123.   8392.  10153.  12400.
  1296.   3670.   6136.   8408.  10172.  12423.
  1300.   3678.   6148.   8424.  10192.  12446.
  1305.   3686.   6161.   8441.  10211.  12470.
  1309.   3694.   6173.   8457.  10230.  12493.
  1313.   3702.   6186.   8474.  10250.  12516.
  1317.   3711.   6198.   8490.  10269.  12540.
  1321.   3719.   6211.   8507.  10289.  12563.
  1326.   3727.   6223.   8523.  10308.  12586.
  1330.   3735.   6236.   8540.  10328.  12610.
  1334.   3743.   6248.   8556.  10347.  12633.
  1338.   3752.   6261.   8573.  10367.  12656.
  1343.   3760.   6274.   8589.  10386.  12680.
  1347.   3768.   6286.   8606.  10406.  12703.
  1351.   3776.   6299.   8622.  10425.  12726.
  1356.   3784.   6311.   8639.  10445.  12750.
  1360.   3793.   6324.   8655.  10465.  12773.
  1364.   3801.   6337.   8672.  10484.  12797.
  1368.   3809.   6349.   8688.  10504.  12820.
  1373.   3818.   6362.   8705.  10523.  12843.
  1377.   3826.   6375.   8721.  10543.  12867.
  1381.   3834.   6387.   8738.  10562.  12890.
  1386.   3842.   6400.   8755.  10582.  12914.
  1390.   3851.   6413.   8771.  10602.  12937.
  1395.   3859.   6425.   8788.  10621.  12961.
  1399.   3867.   6438.   8804.  10641.  12984.
  1403.   3876.   6451.   8821.  10661.  13008.
  1408.   3884.   6463.   8838.  10680.  13031.
  1412.   3892.   6476.   8854.  10700.  13055.
  1416.   3901.   6489.   8871.  10720.  13078.
  1421.   3909.   6502.   8888.  10739.  13102.
  1425.   3918.   6514.   8904.  10759.  13125.
  1430.   3926.   6527.   8921.  10779.  13149.
  1434.   3934.   6540.   8938.  10798.  13172.
  1439.   3943.   6553.   8954.  10818.  13196.
  1443.   3951.   6565.   8971.  10838.  13219.
  1447.   3960.   6578.   8988.  10857.  13243.
  1452.   3968.   6591.   9004.  10877.  13266.
  1456.   3976.   6604.   9021.  10897.  13290.
  1461.   3985.   6617.   9038.  10917.  13313.
  1465.   3993.   6629.   9055.  10936.  13337.
  1470.   4002.   6642.   9071.  10956.  13361.
  1474.   4010.   6655.   9088.  10976.  13384.
  1479.   4019.   6668.   9105.  10996.  13408.
  1483.   4027.   6681.   9122.  11015.  13431.
  1488.   4036.   6694.   9138.  11035.  13455.
  1492.   4044.   6706.   9155.  11055.  13479.
  1497.   4053.   6719.   9172.  11075.  13502.
  1501.   4061.   6732.   9189.  11095.  13526.
  1506.   4070.   6745.   9206.  11114.  13550.
  1510.   4078.   6758.   9222.  11134.  13573.
  1515.   4087.   6771.   9239.  11154.  13597.
  1519.   4095.   6784.   9256.  11174.  13621.
  1524.   4104.   6797.   9273.  11194.  13644.
  1529.   4113.   6810.   9290.  11214.  13668.
  1533.   4121.   6823.   9307.  11234.  13692.
  1538.   4130.   6836.   9323.  11253.  13716.
  1542.   4138.   6849.   9340.  11273.  13739.
  1547.   4147.   6861.   9357.  11293.  13763.
  1552.   4156.   6874.   9374.  11313.  13787.
  1556.   4164.   6887.   9391.  11333.  13810.
  1561.   4173.   6900.   9408.  11353.  13834.
  1565.   4181.   6913.   9425.  11373.  13858.
  1570.   4190.   6926.   9442.  11393.  13882.
  1575.   4199.   6939.   9459.  11413.  13906.
  1579.   4207.   6952.   9476.  11433.  13929.
  1584.   4216.   6965.   9493.  11453.  13953.
  1589.   4225.   6979.   9510.  11473.  13977.
  1593.   4233.   6992.   9526.  11493.  14001.
  1598.   4242.   7005.   9543.  11513.  14025.
  1603.   4251.   7018.   9560.  11533.  14048.
  1607.   4260.   7031.   9577.  11553.  14072.
  1612.   4268.   7044.   9594.  11573.  14096.
  1617.   4277.   7057.   9611.  11593.  14120.
  1621.   4286.   7070.   9628.  11613.  14144.
  1626.   4294.   7083.   9645.  11633.  14168.
  1631.   4303.   7096.   9663.  11653.  14192.
  1636.   4312.   7109.   9680.  11673.  14216.
  1640.   4321.   7123.   9697.  11693.  14239.
  1645.   4330.   7136.   9714.  11713.  14263.
  1650.   4338.   7149.   9731.  11733.  14287.
  1655.   4347.   7162.   9748.  11753.  14311.
  1659.   4356.   7175.   9765.  11773.  14335.
  1664.   4365.   7188.   9782.  11793.  14359.
  1669.   4374.   7201.   9799.  11814.  14383.
  1674.   4382.   7215.   9816.  11834.  14407.
  1679.   4391.   7228.   9833.  11854.  14431.
  1683.   4400.   7241.   9850.  11874.  14455.
  1688.   4409.   7254.   9868.  11894.  14479.
  1693.   4418.   7267.   9885.  11914.  14503.
  1698.   4427.   7281.   9902.  11934.  14527.
  1703.   4436.   7294.   9919.  11955.  14551.
  1707.   4444.   7307.   9936.  11975.  14575.
  1712.   4453.   7320.   9953.  11995.  14599.
  1717.   4462.   7334.   9970.  12015.  14623.
  1722.   4471.   7347.   9988.  12035.  14647.
  1727.   4480.   7360.  10005.  12056.  14671.
  1732.   4489.   7374.  10022.  12076.  14695.
  1737.   4498.   7387.  10039.  12096.  14719.
  1741.   4507.   7400.  10056.  12116.  14743.
  1746.   4516.   7413.  10074.  12136.  14767.
  1751.   4525.   7427.  10091.  12157.  14791.
  1756.   4534.   7440.  10108.  12177.  14815.
  1761.   4543.   7453.  10125.  12197.  14839.
  1766.   4552.   7467.  10143.  12218.  14864.
  1771.   4561.   7480.  10160.  12238.  14888.
  1776.   4570.   7493.  10177.  12258.  14912.
  1781.   4579.   7507.  10195.  12278.  14936.
  1786.   4588.   7520.  10212.  12299.  14960.
  1791.   4597.   7534.  10229.  12319.  14984.
  1796.   4606.   7547.  10246.  12339.  15008.
  1801.   4615.   7560.  10264.  12360.  15033.
  1806.   4624.   7574.  10281.  12380.  15057.
  1811.   4633.   7587.  10298.  12400.  15081.
  1816.   4642.   7601.  10316.  12421.  15105.
  1821.   4651.   7614.  10333.  12441.  15129.
  1826.   4660.   7628.  10350.  12461.  15154.
  1831.   4669.   7641.  10368.  12482.  15178.
  1836.   4678.   7654.  10385.  12502.  15202.
  1841.   4687.   7668.  10403.  12523.  15226.
  1846.   4696.   7681.  10420.  12543.  15250.
  1851.   4706.   7695.  10437.  12563.  15275.
  1856.   4715.   7708.  10455.  12584.  15299.
  1861.   4724.   7722.  10472.  12604.  15323.
  1866.   4733.   7735.  10490.  12625.  15348.
  1871.   4742.   7749.  10507.  12645.  15372.
  1876.   4751.   7762.  10524.  12666.  15396.
  1881.   4761.   7776.  10542.  12686.  15420.
  1886.   4770.   7789.  10559.  12707.  15445.
  1891.   4779.   7803.  10577.  12727.  15469.
  1897.   4788.   7817.  10594.  12748.  15493.
  1902.   4797.   7830.  10612.  12768.  15518.
  1907.   4806.   7844.  10629.  12789.  15542.
  1912.   4816.   7857.  10647.  12809.  15566.
  1917.   4825.   7871.  10664.  12830.  15591.
  1922.   4834.   7885.  10682.  12850.  15615.
  1927.   4843.   7898.  10699.  12871.  15639.
  1933.   4853.   7912.  10717.  12891.  15664.
  1938.   4862.   7925.  10734.  12912.  15688.
  1943.   4871.   7939.  10752.  12932.  15713.
  1948.   4881.   7953.  10770.  12953.  15737.
  1953.   4890.   7966.  10787.  12973.  15761.
  1959.   4899.   7980.  10805.  12994.  15786.
  1964.   4908.   7994.  10822.  13015.  15810.
  1969.   4918.   8007.  10840.  13035.  15835.
  1974.   4927.   8021.  10857.  13056.  15859.
  1979.   4936.   8035.  10875.  13077.  15884.
  1985.   4946.   8048.  10893.  13097.  15908.
  1990.   4955.   8062.  10910.  13118.  15933.
  1995.   4964.   8076.  10928.  13138.  15957.
  2000.   4974.   8089.  10946.  13159.  15981.
  2006.   4983.   8103.  10963.  13180.  16006.
  2011.   4992.   8117.  10981.  13200.  16030.
  2016.   5002.   8131.  10998.  13221.  16055.
  2022.   5011.   8144.  11016.  13242.  16080.
  2027.   5021.   8158.  11034.  13262.  16104.
  2032.   5030.   8172.  11052.  13283.  16129.
  2037.   5040.   8186.  11069.  13304.  16153.
  2043.   5049.   8200.  11087.  13325.  16178.
  2048.   5058.   8213.  11105.  13345.  16202.
  2053.   5068.   8227.  11122.  13366.  16227.
  2059.   5077.   8241.  11140.  13387.  16251.
  2064.   5087.   8255.  11158.  13408.  16276.
  2070.   5096.   8269.  11176.  13428.  16301.
  2075.   5106.   8282.  11193.  13449.  16325.
  2080.   5115.   8296.  11211.  13470.  16350.
  2086.   5125.   8310.  11229.  13491.  16374.
  2091.   5134.   8324.  11247.  13511.  16399.
  2096.   5144.   8338.  11264.  13532.  16424.
  2102.   5153.   8352.  11282.  13553.  16448.
  2107.   5163.   8366.  11300.  13574.  16473.
  2113.   5172.   8380.  11318.  13595.  16498.
  2118.   5182.   8393.  11336.  13616.  16522.
  2123.   5191.   8407.  11353.  13636.  16547.
  2129.   5201.   8421.  11371.  13657.  16572.
  2134.   5210.   8435.  11389.  13678.  16596.
  2140.   5220.   8449.  11407.  13699.  16621.
  2145.   5230.   8463.  11425.  13720.  16646.
  2151.   5239.   8477.  11443.  13741.  16670.
  2156.   5249.   8491.  11461.  13762.  16695.
  2162.   5258.   8505.  11478.  13782.  16720.
  2167.   5268.   8519.  11496.  13803.  16745.
  2173.   5278.   8533.  11514.  13824.  16769.
  2178.   5287.   8547.  11532.  13845.  16794.
  2184.   5297.   8561.  11550.  13866.  16819.
  2189.   5307.   8575.  11568.  13887.  16844.
  2195.   5316.   8589.  11586.  13908.  16868.
  2200.   5326.   8603.  11604.  13929.  16893.
  2206.   5336.   8617.  11622.  13950.  16918.
  2211.   5345.   8631.  11640.  13971.  16943.
  2217.   5355.   8645.  11658.  13992.  16968.
  2222.   5365.   8659.  11676.  14013.  16992.
  2228.   5374.   8673.  11694.  14034.  17017.
  2233.   5384.   8687.  11712.  14055.  17042.
  2239.   5394.   8701.  11730.  14076.  17067.
  2245.   5404.   8715.  11748.  14097.  17092.
  2250.   5413.   8730.  11766.  14118.  17117.
  2256.   5423.   8744.  11784.  14139.  17141.
  2261.   5433.   8758.  11802.  14160.  17166.
  2267.   5443.   8772.  11820.  14181.  17191.
  2273.   5452.   8786.  11838.  14202.  17216.
  2278.   5462.   8800.  11856.  14223.  17241.
  2284.   5472.   8814.  11874.  14244.  17266.
  2290.   5482.   8829.  11892.  14265.  17291.
  2295.   5492.   8843.  11910.  14286.  17316.
  2301.   5501.   8857.  11928.  14308.  17341.
  2307.   5511.   8871.  11946.  14329.  17366.
  2312.   5521.   8885.  11964.  14350.  17391.
  2318.   5531.   8899.  11982.  14371.  17416.
  2324.   5541.   8914.  12001.  14392.  17441.
  2329.   5551.   8928.  12019.  14413.  17466.
  2335.   5560.   8942.  12037.  14434.  17491.
  2341.   5570.   8956.  12055.  14456.  17516.
  2347.   5580.   8971.  12073.  14477.  17541.
  2352.   5590.   8985.  12091.  14498.  17566.
  2358.   5600.   8999.  12110.  14519.  17591.
  2364.   5610.   9013.  12128.  14540.  17616.
  2369.   5620.   9028.  12146.  14561.  17641.
  2375.   5630.   9042.  12164.  14583.  17666.
  2381.   5640.   9056.  12182.  14604.  17691.
  2387.   5650.   9070.  12200.  14625.  17716.
  2393.   5659.   9085.  12219.  14646.  17741.
  2398.   5669.   9099.  12237.  14668.  17766.
  2404.   5679.   9113.  12255.  14689.  17791.
  2410.   5689.   9128.  12273.  14710.  17816.
  2416.   5699.   9142.  12292.  14731.  17841.
  2422.   5709.   9156.  12310.  14753.  17866.
  2427.   5719.   9171.  12328.  14774.  17891.
  2433.   5729.   9185.  12346.  14795.  17916.
  2439.   5739.   9199.  12365.  14817.  17942.
  2445.   5749.   9214.  12383.  14838.  17967.
  2451.   5759.   9228.  12401.  14859.  17992.
  2457.   5769.   9243.  12420.  14880.  18017.
  2462.   5779.   9257.  12438.  14902.  18042.
  2468.   5790.   9271.  12456.  14923.  18067.
  2474.   5800.   9286.  12475.  14945.  18093.
  2480.   5810.   9300.  12493.  14966.  18118.
  2486.   5820.   9315.  12511.  14987.  18143.
  2492.   5830.   9329.  12530.  15009.  18168.
  2498.   5840.   9344.  12548.  15030.  18193.
  2504.   5850.   9358.  12566.  15051.  18219.
  2510.   5860.   9373.  12585.  15073.  18244.
  2515.   5870.   9387.  12603.  15094.  18269.
  2521.   5880.   9402.  12622.  15116.  18294.
  2527.   5891.   9416.  12640.  15137.  18320.
  2533.   5901.   9431.  12658.  15158.  18345.
  2539.   5911.   9445.  12677.  15180.  18370.
  2545.   5921.   9460.  12695.  15201.  18395.
  2551.   5931.   9474.  12714.  15223.  18421.
  2557.   5941.   9489.  12732.  15244.  18446.
  2563.   5952.   9503.  12751.  15266.  18471.
  2569.   5962.   9518.  12769.  15287.  18497.
  2575.   5972.   9532.  12788.  15309.  18522.
  2581.   5982.   9547.  12806.  15330.  18547.
  2587.   5992.   9561.  12825.  15352.  18572.
  2593.   6003.   9576.  12843.  15373.  18598.
  2599.   6013.   9591.  12862.  15395.  18623.
  2605.   6023.   9605.  12880.  15416.  18649.
  2611.   6033.   9620.  12899.  15438.  18674.
  2617.   6044.   9634.  12917.  15459.  18699.
  2623.   6054.   9649.  12936.  15481.  18725.
  2629.   6064.   9664.  12954.  15502.  18750.
  2636.   6074.   9678.  12973.  15524.  18775.
  2642.   6085.   9693.  12991.  15546.  18801.
  2648.   6095.   9708.  13010.  15567.  18826.
  2654.   6105.   9722.  13028.  15589.  18852.
  2660.   6116.   9737.  13047.  15610.  18877.
  2666.   6126.   9752.  13066.  15632.  18903.
  2672.   6136.   9766.  13084.  15654.  18928.
  2678.   6147.   9781.  13103.  15675.  18953.
  2684.   6157.   9796.  13122.  15697.  18979.
  2690.   6167.   9811.  13140.  15719.  19004.
  2697.   6178.   9825.  13159.  15740.  19030.
  2703.   6188.   9840.  13177.  15762.  19055.
  2709.   6198.   9855.  13196.  15783.  19081.
  2715.   6209.   9869.  13215.  15805.  19106.
  2721.   6219.   9884.  13233.  15827.  19132.
  2727.   6230.   9899.  13252.  15849.  19157.
  2734.   6240.   9914.  13271.  15870.  19183.
  2740.   6250.   9929.  13289.  15892.  19208.
  2746.   6261.   9943.  13308.  15914.  19234.
  2752.   6271.   9958.  13327.  15935.  19260.
  2758.   6282.   9973.  13346.  15957.  19285.
  2765.   6292.   9988.  13364.  15979.  19311.
  2771.   6303.  10003.  13383.  16001.  19336.
  2777.   6313.  10017.  13402.  16022.  19362.
  2783.   6324.  10032.  13421.  16044.  19387.
  2790.   6334.  10047.  13439.  16066.  19413.
  2796.   6345.  10062.  13458.  16088.  19439.
  2802.   6355.  10077.  13477.  16109.  19464.
  2808.   6366.  10092.  13496.  16131.  19490.
  2815.   6376.  10107.  13514.  16153.  19516.
  2821.   6387.  10121.  13533.  16175.  19541.
  2827.   6397.  10136.  13552.  16197.  19567.
  2833.   6408.  10151.  13571.  16219.  19593.
  2840.   6418.  10166.  13590.  16240.  19618.
  2846.   6429.  10181.  13609.  16262.  19644.
  2852.   6440.  10196.  13627.  16284.  19670.
  2859.   6450.  10211.  13646.  16306.  19695.
  2865.   6461.  10226.  13665.  16328.  19721.
  2871.   6471.  10241.  13684.  16350.  19747.
  2878.   6482.  10256.  13703.  16372.  19772.
  2884.   6493.  10271.  13722.  16393.  19798.
  2890.   6503.  10286.  13741.  16415.  19824.
  2897.   6514.  10301.  13760.  16437.  19850.
  2903.   6524.  10316.  13778.  16459.  19875.
  2910.   6535.  10331.  13797.  16481.  19901.
  2916.   6546.  10346.  13816.  16503.  19927.
  2922.   6556.  10361.  13835.  16525.  19953.
  2929.   6567.  10376.  13854.  16547.  19978.
  2935.   6578.  10391.  13873.  16569.  20004.
  2942.   6588.  10406.  13892.  16591.  20030.
  2948.   6599.  10421.  13911.  16613.  20056.
  2954.   6610.  10436.  13930.  16635.  20082.
  2961.   6621.  10451.  13949.  16657.  20107.
  2967.   6631.  10466.  13968.  16679.  20133.
  2974.   6642.  10481.  13987.  16701.  20159.
  2980.   6653.  10496.  14006.  16723.  20185.
  2987.   6663.  10511.  14025.  16745.  20211.
  2993.   6674.  10527.  14044.  16767.  20237.
  3000.   6685.  10542.  14063.  16789.  20263.
  3006.   6696.  10557.  14082.  16811.  20288.
  3013.   6707.  10572.  14101.  16833.  20314.
  3019.   6717.  10587.  14120.  16855.  20340.
  3026.   6728.  10602.  14139.  16877.  20366.
  3032.   6739.  10617.  14158.  16899.  20392.
  3039.   6750.  10633.  14177.  16921.  20418.
  3045.   6761.  10648.  14196.  16944.  20444.
  3052.   6771.  10663.  14216.  16966.  20470.
  3058.   6782.  10678.  14235.  16988.  20496.
  3065.   6793.  10693.  14254.  17010.  20522.
  3071.   6804.  10709.  14273.  17032.  20548.
  3078.   6815.  10724.  14292.  17054.  20574.
  3085.   6826.  10739.  14311.  17076.  20600.
  3091.   6836.  10754.  14330.  17099.  20626.
  3098.   6847.  10769.  14349.  17121.  20652.
  3104.   6858.  10785.  14369.  17143.  20678.
  3111.   6869.  10800.  14388.  17165.  20704.
  3118.   6880.  10815.  14407.  17187.  20730.
  3124.   6891.  10831.  14426.  17209.  20756.
  3131.   6902.  10846.  14445.  17232.  20782.
  3137.   6913.  10861.  14465.  17254.  20808.
  3144.   6924.  10876.  14484.  17276.  20834.
  3151.   6935.  10892.  14503.  17298.  20860.
  3157.   6946.  10907.  14522.  17321.  20886.
  3164.   6957.  10922.  14541.  17343.  20912.
  3171.   6968.  10938.  14561.  17365.  20938.
  3177.   6979.  10953.  14580.  17387.  20964.
  3184.   6990.  10968.  14599.  17410.  20990.
  3191.   7001.  10984.  14618.  17432.  21016.
  3197.   7012.  10999.  14638.  17454.  21042.
  3204.   7023.  11014.  14657.  17476.  21069.
  3211.   7034.  11030.  14676.  17499.  21095.
  3218.   7045.  11045.  14696.  17521.  21121.
  3224.   7056.  11061.  14715.  17543.  21147.
  3231.   7067.  11076.  14734.  17566.  21173.
  3238.   7078.  11091.  14754.  17588.  21199.
  3245.   7089.  11107.  14773.  17610.  21225.
  3251.   7100.  11122.  14792.  17633.  21252.
  3258.   7111.  11138.  14812.  17655.  21278.
  3265.   7122.  11153.  14831.  17677.  21304.
  3272.   7133.  11169.  14850.  17700.  21330.
  3278.   7144.  11184.  14870.  17722.  21356.
  3285.   7156.  11200.  14889.  17745.  21383.
  3292.   7167.  11215.  14909.  17767.  21409.
  3299.   7178.  11231.  14928.  17789.  21435.
  3306.   7189.  11246.  14947.  17812.  21461.
  3312.   7200.  11262.  14967.  17834.  21488.
  3319.   7211.  11277.  14986.  17857.  21514.
  3326.   7222.  11293.  15006.  17879.  21540.
  3333.   7234.  11308.  15025.  17902.  21566.
  3340.   7245.  11324.  15044.  17924.  21593.
  3347.   7256.  11339.  15064.  17947.  21619.
  3353.   7267.  11355.  15083.  17969.  21645.
  3360.   7278.  11370.  15103.  17992.  21672.
  3367.   7290.  11386.  15122.  18014.  21698.
  3374.   7301.  11401.  15142.  18037.  21724.
  3381.   7312.  11417.  15161.  18059.  21751.
  3388.   7323.  11433.  15181.  18082.  21777.
  3395.   7334.  11448.  15200.  18104.  21803.
  3402.   7346.  11464.  15220.  18127.  21830.
  3409.   7357.  11480.  15239.  18149.  21856.
  3415.   7368.  11495.  15259.  18172.  21882.
  3422.   7380.  11511.  15279.  18194.  21909.
  3429.   7391.  11526.  15298.  18217.  21935.
  3436.   7402.  11542.  15318.  18239.  21962.
  3443.   7413.  11558.  15337.  18262.  21988.
  3450.   7425.  11573.  15357.  18285.  22014.
  3457.   7436.  11589.  15376.  18307.  22041.
  3464.   7447.  11605.  15396.  18330.  22067.
  3471.   7459.  11620.  15416.  18352.  22094.
  3478.   7470.  11636.  15435.  18375.  22120.
  3485.   7481.  11652.  15455.  18398.  22147.
  3492.   7493.  11668.  15474.  18420.  22173.
  3499.   7504.  11683.  15494.  18443.  22200.
  3506.   7516.  11699.  15514.  18466.  22226.
  3513.   7527.  11715.  15533.  18488.  22253.
  3520.   7538.  11731.  15553.  18511.  22279.
  3527.   7550.  11746.  15573.  18534.  22306.
  3534.   7561.  11762.  15592.  18556.  22332.
  3541.   7573.  11778.  15612.  18579.  22359.
  3548.   7584.  11794.  15632.  18602.  22385.
  3555.   7595.  11809.  15651.  18624.  22412.
  3562.   7607.  11825.  15671.  18647.  22438.
  3569.   7618.  11841.  15691.  18670.  22465.
  3576.   7630.  11857.  15711.  18693.  22491.
  3584.   7641.  11873.  15730.  18715.  22518.
  3591.   7653.  11889.  15750.  18738.  22545.
  3598.   7664.  11904.  15770.  18761.  22571.
  3605.   7676.  11920.  15790.  18784.  22598.
  3612.   7687.  11936.  15809.  18806.  22624.
  3619.   7699.  11952.  15829.  18829.  22651.
  3626.   7710.  11968.  15849.  18852.  22678.
  3633.   7722.  11984.  15869.  18875.  22704.
  3640.   7733.  12000.  15889.  18898.  22731.
  3648.   7745.  12015.  15908.  18920.  22757.
  3655.   7756.  12031.  15928.  18943.  22784.
  3662.   7768.  12047.  15948.  18966.  22811.
  3669.   7780.  12063.  15968.  18989.  22837.
  3676.   7791.  12079.  15988.  19012.  22864.
  3683.   7803.  12095.  16008.  19035.  22891.
  3691.   7814.  12111.  16027.  19058.  22917.
  3698.   7826.  12127.  16047.  19080.  22944.
  3705.   7838.  12143.  16067.  19103.  22971.
  3712.   7849.  12159.  16087.  19126.  22998.
  3720.   7861.  12175.  16107.  19149.  23024.
  3727.   7872.  12191.  16127.  19172.  23051.
  3734.   7884.  12207.  16147.  19195.  23078.
  3741.   7896.  12223.  16167.  19218.  23105.
  3748.   7907.  12239.  16187.  19241.  23131.
  3756.   7919.  12255.  16206.  19264.  23158.
  3763.   7931.  12271.  16226.  19287.  23185.
  3770.   7942.  12287.  16246.  19310.  23212.
  3778.   7954.  12303.  16266.  19333.  23238.
  3785.   7966.  12319.  16286.  19356.  23265.
  3792.   7977.  12335.  16306.  19379.  23292.
