   10.2333336    
    67.     69.     71.     73.     75.     77.
    69.     75.     82.     87.     92.     98.
    72.     81.     92.    101.    109.    119.
    74.     87.    102.    116.    126.    140.
    76.     94.    113.    130.    144.    161.
    79.    100.    123.    144.    161.    182.
    81.    106.    133.    158.    178.    203.
    83.    112.    144.    172.    195.    224.
    85.    118.    154.    187.    213.    245.
    88.    124.    164.    201.    230.    266.
    90.    130.    175.    215.    247.    287.
    92.    136.    185.    229.    264.    308.
    95.    143.    196.    243.    282.    329.
    97.    149.    206.    258.    299.    350.
    99.    155.    216.    272.    316.    372.
   102.    161.    227.    286.    333.    393.
   104.    167.    237.    300.    351.    414.
   106.    174.    248.    315.    368.    435.
   109.    180.    258.    329.    385.    456.
   111.    186.    268.    343.    403.    477.
   113.    192.    279.    358.    420.    498.
   116.    198.    289.    372.    437.    519.
   118.    205.    300.    386.    455.    541.
   120.    211.    310.    400.    472.    562.
   123.    217.    321.    415.    489.    583.
   125.    223.    331.    429.    507.    604.
   127.    229.    342.    443.    524.    625.
   130.    236.    352.    458.    541.    646.
   132.    242.    363.    472.    559.    667.
   135.    248.    373.    486.    576.    689.
   137.    254.    384.    501.    593.    710.
   139.    261.    394.    515.    611.    731.
   142.    267.    405.    529.    628.    752.
   144.    273.    415.    544.    645.    773.
   147.    280.    426.    558.    663.    795.
   149.    286.    436.    572.    680.    816.
   152.    292.    447.    587.    698.    837.
   154.    298.    457.    601.    715.    858.
   157.    305.    468.    615.    732.    879.
   159.    311.    478.    630.    750.    901.
   161.    317.    489.    644.    767.    922.
   164.    324.    499.    659.    785.    943.
   166.    330.    510.    673.    802.    964.
   169.    336.    520.    687.    819.    985.
   171.    343.    531.    702.    837.   1007.
   174.    349.    542.    716.    854.   1028.
   176.    355.    552.    731.    872.   1049.
   179.    362.    563.    745.    889.   1070.
   181.    368.    573.    759.    907.   1092.
   184.    375.    584.    774.    924.   1113.
   186.    381.    595.    788.    942.   1134.
   189.    387.    605.    803.    959.   1156.
   192.    394.    616.    817.    976.   1177.
   194.    400.    626.    832.    994.   1198.
   197.    406.    637.    846.   1011.   1219.
   199.    413.    648.    861.   1029.   1241.
   202.    419.    658.    875.   1046.   1262.
   204.    426.    669.    890.   1064.   1283.
   207.    432.    680.    904.   1081.   1305.
   210.    439.    690.    919.   1099.   1326.
   212.    445.    701.    933.   1116.   1347.
   215.    452.    712.    948.   1134.   1368.
   217.    458.    722.    962.   1151.   1390.
   220.    464.    733.    977.   1169.   1411.
   223.    471.    744.    991.   1186.   1432.
   225.    477.    754.   1006.   1204.   1454.
   228.    484.    765.   1020.   1222.   1475.
   231.    490.    776.   1035.   1239.   1496.
   233.    497.    787.   1049.   1257.   1518.
   236.    503.    797.   1064.   1274.   1539.
   239.    510.    808.   1078.   1292.   1561.
   241.    516.    819.   1093.   1309.   1582.
   244.    523.    829.   1107.   1327.   1603.
   247.    529.    840.   1122.   1344.   1625.
   249.    536.    851.   1137.   1362.   1646.
   252.    543.    862.   1151.   1380.   1667.
   255.    549.    873.   1166.   1397.   1689.
   258.    556.    883.   1180.   1415.   1710.
   260.    562.    894.   1195.   1432.   1732.
   263.    569.    905.   1210.   1450.   1753.
   266.    575.    916.   1224.   1468.   1774.
   268.    582.    926.   1239.   1485.   1796.
   271.    589.    937.   1253.   1503.   1817.
   274.    595.    948.   1268.   1520.   1839.
   277.    602.    959.   1283.   1538.   1860.
   280.    608.    970.   1297.   1556.   1881.
   282.    615.    981.   1312.   1573.   1903.
   285.    622.    991.   1327.   1591.   1924.
   288.    628.   1002.   1341.   1609.   1946.
   291.    635.   1013.   1356.   1626.   1967.
   294.    642.   1024.   1371.   1644.   1989.
   296.    648.   1035.   1385.   1662.   2010.
   299.    655.   1046.   1400.   1679.   2032.
   302.    661.   1057.   1415.   1697.   2053.
   305.    668.   1067.   1429.   1715.   2074.
   308.    675.   1078.   1444.   1732.   2096.
   311.    681.   1089.   1459.   1750.   2117.
   313.    688.   1100.   1473.   1768.   2139.
   316.    695.   1111.   1488.   1785.   2160.
   319.    702.   1122.   1503.   1803.   2182.
   322.    708.   1133.   1518.   1821.   2203.
   325.    715.   1144.   1532.   1838.   2225.
   328.    722.   1155.   1547.   1856.   2246.
   331.    728.   1166.   1562.   1874.   2268.
   334.    735.   1177.   1576.   1892.   2289.
   337.    742.   1188.   1591.   1909.   2311.
   339.    749.   1199.   1606.   1927.   2332.
   342.    755.   1210.   1621.   1945.   2354.
   345.    762.   1221.   1636.   1963.   2375.
   348.    769.   1232.   1650.   1980.   2397.
   351.    776.   1243.   1665.   1998.   2418.
   354.    782.   1254.   1680.   2016.   2440.
   357.    789.   1265.   1695.   2034.   2461.
   360.    796.   1276.   1709.   2051.   2483.
   363.    803.   1287.   1724.   2069.   2505.
   366.    810.   1298.   1739.   2087.   2526.
   369.    816.   1309.   1754.   2105.   2548.
   372.    823.   1320.   1769.   2122.   2569.
   375.    830.   1331.   1783.   2140.   2591.
   378.    837.   1342.   1798.   2158.   2612.
   381.    844.   1353.   1813.   2176.   2634.
   384.    851.   1364.   1828.   2194.   2656.
   387.    858.   1375.   1843.   2211.   2677.
   390.    864.   1386.   1858.   2229.   2699.
   393.    871.   1397.   1872.   2247.   2720.
   396.    878.   1408.   1887.   2265.   2742.
   399.    885.   1419.   1902.   2283.   2763.
   402.    892.   1430.   1917.   2301.   2785.
   406.    899.   1441.   1932.   2318.   2807.
   409.    906.   1452.   1947.   2336.   2828.
   412.    913.   1464.   1962.   2354.   2850.
   415.    920.   1475.   1977.   2372.   2872.
   418.    927.   1486.   1991.   2390.   2893.
   421.    933.   1497.   2006.   2408.   2915.
   424.    940.   1508.   2021.   2426.   2936.
   427.    947.   1519.   2036.   2444.   2958.
   430.    954.   1530.   2051.   2461.   2980.
   433.    961.   1541.   2066.   2479.   3001.
   437.    968.   1553.   2081.   2497.   3023.
   440.    975.   1564.   2096.   2515.   3045.
   443.    982.   1575.   2111.   2533.   3066.
   446.    989.   1586.   2126.   2551.   3088.
   449.    996.   1597.   2141.   2569.   3110.
   452.   1003.   1608.   2156.   2587.   3131.
   456.   1010.   1620.   2171.   2605.   3153.
   459.   1017.   1631.   2186.   2623.   3175.
   462.   1024.   1642.   2201.   2641.   3196.
   465.   1031.   1653.   2216.   2659.   3218.
   468.   1038.   1664.   2231.   2677.   3240.
   472.   1045.   1676.   2246.   2695.   3262.
   475.   1052.   1687.   2261.   2713.   3283.
   478.   1060.   1698.   2276.   2731.   3305.
   481.   1067.   1709.   2291.   2748.   3327.
   485.   1074.   1721.   2306.   2766.   3348.
   488.   1081.   1732.   2321.   2784.   3370.
   491.   1088.   1743.   2336.   2802.   3392.
   494.   1095.   1754.   2351.   2820.   3414.
   498.   1102.   1766.   2366.   2838.   3435.
   501.   1109.   1777.   2381.   2856.   3457.
   504.   1116.   1788.   2396.   2874.   3479.
   507.   1123.   1799.   2411.   2892.   3501.
   511.   1131.   1811.   2426.   2911.   3522.
   514.   1138.   1822.   2441.   2929.   3544.
   517.   1145.   1833.   2456.   2947.   3566.
   521.   1152.   1845.   2471.   2965.   3588.
   524.   1159.   1856.   2486.   2983.   3609.
   527.   1166.   1867.   2502.   3001.   3631.
   531.   1173.   1879.   2517.   3019.   3653.
   534.   1181.   1890.   2532.   3037.   3675.
   537.   1188.   1901.   2547.   3055.   3697.
   541.   1195.   1913.   2562.   3073.   3718.
   544.   1202.   1924.   2577.   3091.   3740.
   547.   1209.   1935.   2592.   3109.   3762.
   551.   1217.   1947.   2607.   3127.   3784.
   554.   1224.   1958.   2623.   3145.   3806.
   557.   1231.   1969.   2638.   3163.   3827.
   561.   1238.   1981.   2653.   3181.   3849.
   564.   1245.   1992.   2668.   3200.   3871.
   568.   1253.   2004.   2683.   3218.   3893.
   571.   1260.   2015.   2698.   3236.   3915.
   575.   1267.   2026.   2714.   3254.   3937.
   578.   1274.   2038.   2729.   3272.   3959.
   581.   1282.   2049.   2744.   3290.   3981.
   585.   1289.   2061.   2759.   3308.   4002.
   588.   1296.   2072.   2774.   3326.   4024.
   592.   1304.   2084.   2790.   3345.   4046.
   595.   1311.   2095.   2805.   3363.   4068.
   599.   1318.   2106.   2820.   3381.   4090.
   602.   1325.   2118.   2835.   3399.   4112.
   606.   1333.   2129.   2850.   3417.   4134.
   609.   1340.   2141.   2866.   3435.   4156.
   613.   1347.   2152.   2881.   3454.   4178.
   616.   1355.   2164.   2896.   3472.   4200.
   620.   1362.   2175.   2911.   3490.   4222.
   623.   1369.   2187.   2927.   3508.   4244.
   627.   1377.   2198.   2942.   3526.   4266.
   630.   1384.   2210.   2957.   3545.   4288.
   634.   1392.   2221.   2973.   3563.   4310.
   637.   1399.   2233.   2988.   3581.   4332.
   641.   1406.   2244.   3003.   3599.   4354.
   644.   1414.   2256.   3018.   3617.   4376.
   648.   1421.   2267.   3034.   3636.   4398.
   651.   1429.   2279.   3049.   3654.   4420.
   655.   1436.   2290.   3064.   3672.   4442.
   659.   1443.   2302.   3080.   3690.   4464.
   662.   1451.   2314.   3095.   3709.   4486.
   666.   1458.   2325.   3110.   3727.   4508.
   669.   1466.   2337.   3126.   3745.   4530.
   673.   1473.   2348.   3141.   3763.   4553.
   677.   1481.   2360.   3156.   3782.   4575.
   680.   1488.   2371.   3172.   3800.   4597.
   684.   1495.   2383.   3187.   3818.   4619.
   688.   1503.   2395.   3202.   3836.   4641.
   691.   1510.   2406.   3218.   3855.   4663.
   695.   1518.   2418.   3233.   3873.   4685.
   699.   1525.   2430.   3248.   3891.   4708.
   702.   1533.   2441.   3264.   3910.   4730.
   706.   1540.   2453.   3279.   3928.   4752.
   710.   1548.   2464.   3295.   3946.   4774.
   713.   1555.   2476.   3310.   3965.   4796.
   717.   1563.   2488.   3325.   3983.   4818.
   721.   1570.   2499.   3341.   4002.   4841.
   724.   1578.   2511.   3356.   4020.   4863.
   728.   1586.   2523.   3372.   4038.   4885.
   732.   1593.   2534.   3387.   4057.   4907.
   736.   1601.   2546.   3403.   4075.   4930.
   739.   1608.   2558.   3418.   4093.   4952.
   743.   1616.   2570.   3433.   4112.   4974.
   747.   1623.   2581.   3449.   4130.   4996.
   751.   1631.   2593.   3464.   4149.   5019.
   754.   1639.   2605.   3480.   4167.   5041.
   758.   1646.   2616.   3495.   4186.   5063.
   762.   1654.   2628.   3511.   4204.   5086.
   766.   1661.   2640.   3526.   4223.   5108.
   770.   1669.   2652.   3542.   4241.   5130.
   773.   1677.   2663.   3557.   4260.   5152.
   777.   1684.   2675.   3573.   4278.   5175.
   781.   1692.   2687.   3588.   4297.   5197.
   785.   1700.   2699.   3604.   4315.   5219.
   789.   1707.   2710.   3619.   4334.   5242.
   793.   1715.   2722.   3635.   4352.   5264.
   796.   1723.   2734.   3650.   4371.   5287.
   800.   1730.   2746.   3666.   4389.   5309.
   804.   1738.   2758.   3681.   4408.   5331.
   808.   1746.   2769.   3697.   4426.   5354.
   812.   1753.   2781.   3713.   4445.   5376.
   816.   1761.   2793.   3728.   4463.   5399.
   820.   1769.   2805.   3744.   4482.   5421.
   824.   1776.   2817.   3759.   4501.   5443.
   828.   1784.   2828.   3775.   4519.   5466.
   831.   1792.   2840.   3790.   4538.   5488.
   835.   1800.   2852.   3806.   4556.   5511.
   839.   1807.   2864.   3822.   4575.   5533.
   843.   1815.   2876.   3837.   4594.   5556.
   847.   1823.   2888.   3853.   4612.   5578.
   851.   1830.   2900.   3868.   4631.   5601.
   855.   1838.   2911.   3884.   4650.   5623.
   859.   1846.   2923.   3900.   4668.   5646.
   863.   1854.   2935.   3915.   4687.   5668.
   867.   1862.   2947.   3931.   4706.   5691.
   871.   1869.   2959.   3947.   4724.   5713.
   875.   1877.   2971.   3962.   4743.   5736.
   879.   1885.   2983.   3978.   4762.   5758.
   883.   1893.   2995.   3994.   4781.   5781.
   887.   1901.   3007.   4009.   4799.   5803.
   891.   1908.   3019.   4025.   4818.   5826.
   895.   1916.   3031.   4041.   4837.   5849.
   899.   1924.   3043.   4057.   4855.   5871.
   903.   1932.   3055.   4072.   4874.   5894.
   908.   1940.   3066.   4088.   4893.   5916.
   912.   1948.   3078.   4104.   4912.   5939.
   916.   1955.   3090.   4120.   4931.   5962.
   920.   1963.   3102.   4135.   4949.   5984.
   924.   1971.   3114.   4151.   4968.   6007.
   928.   1979.   3126.   4167.   4987.   6030.
   932.   1987.   3138.   4183.   5006.   6052.
   936.   1995.   3150.   4199.   5025.   6075.
   940.   2003.   3162.   4214.   5043.   6098.
   945.   2011.   3174.   4230.   5062.   6120.
   949.   2019.   3186.   4246.   5081.   6143.
   953.   2027.   3198.   4262.   5100.   6166.
   957.   2034.   3211.   4278.   5119.   6188.
   961.   2042.   3223.   4294.   5138.   6211.
   965.   2050.   3235.   4309.   5157.   6234.
   969.   2058.   3247.   4325.   5175.   6256.
   974.   2066.   3259.   4341.   5194.   6279.
   978.   2074.   3271.   4357.   5213.   6302.
   982.   2082.   3283.   4373.   5232.   6325.
   986.   2090.   3295.   4389.   5251.   6347.
   990.   2098.   3307.   4405.   5270.   6370.
   995.   2106.   3319.   4421.   5289.   6393.
   999.   2114.   3331.   4437.   5308.   6416.
  1003.   2122.   3343.   4453.   5327.   6439.
  1007.   2130.   3355.   4468.   5346.   6461.
  1012.   2138.   3367.   4484.   5365.   6484.
  1016.   2146.   3380.   4500.   5384.   6507.
  1020.   2154.   3392.   4516.   5403.   6530.
  1024.   2162.   3404.   4532.   5422.   6553.
  1029.   2170.   3416.   4548.   5441.   6575.
  1033.   2178.   3428.   4564.   5460.   6598.
  1037.   2186.   3440.   4580.   5479.   6621.
  1042.   2195.   3452.   4596.   5498.   6644.
  1046.   2203.   3465.   4612.   5517.   6667.
  1050.   2211.   3477.   4628.   5536.   6690.
  1055.   2219.   3489.   4644.   5555.   6713.
  1059.   2227.   3501.   4660.   5574.   6736.
  1063.   2235.   3513.   4676.   5593.   6758.
  1068.   2243.   3526.   4693.   5612.   6781.
  1072.   2251.   3538.   4709.   5631.   6804.
  1076.   2259.   3550.   4725.   5650.   6827.
  1081.   2267.   3562.   4741.   5669.   6850.
  1085.   2276.   3574.   4757.   5689.   6873.
  1089.   2284.   3587.   4773.   5708.   6896.
  1094.   2292.   3599.   4789.   5727.   6919.
  1098.   2300.   3611.   4805.   5746.   6942.
  1103.   2308.   3623.   4821.   5765.   6965.
  1107.   2316.   3636.   4837.   5784.   6988.
  1111.   2325.   3648.   4854.   5803.   7011.
  1116.   2333.   3660.   4870.   5823.   7034.
  1120.   2341.   3672.   4886.   5842.   7057.
  1125.   2349.   3685.   4902.   5861.   7080.
  1129.   2357.   3697.   4918.   5880.   7103.
  1134.   2366.   3709.   4934.   5899.   7126.
  1138.   2374.   3722.   4951.   5918.   7149.
  1142.   2382.   3734.   4967.   5938.   7172.
  1147.   2390.   3746.   4983.   5957.   7195.
  1151.   2399.   3758.   4999.   5976.   7218.
  1156.   2407.   3771.   5015.   5995.   7241.
  1160.   2415.   3783.   5032.   6015.   7264.
  1165.   2423.   3795.   5048.   6034.   7288.
  1169.   2432.   3808.   5064.   6053.   7311.
  1174.   2440.   3820.   5080.   6072.   7334.
  1178.   2448.   3832.   5097.   6092.   7357.
  1183.   2456.   3845.   5113.   6111.   7380.
  1187.   2465.   3857.   5129.   6130.   7403.
  1192.   2473.   3870.   5145.   6150.   7426.
  1197.   2481.   3882.   5162.   6169.   7449.
  1201.   2490.   3894.   5178.   6188.   7473.
  1206.   2498.   3907.   5194.   6208.   7496.
  1210.   2506.   3919.   5211.   6227.   7519.
  1215.   2514.   3932.   5227.   6246.   7542.
  1219.   2523.   3944.   5243.   6266.   7565.
  1224.   2531.   3956.   5260.   6285.   7589.
  1229.   2539.   3969.   5276.   6304.   7612.
  1233.   2548.   3981.   5292.   6324.   7635.
  1238.   2556.   3994.   5309.   6343.   7658.
  1242.   2564.   4006.   5325.   6363.   7681.
  1247.   2573.   4019.   5342.   6382.   7705.
  1252.   2581.   4031.   5358.   6401.   7728.
  1256.   2590.   4044.   5374.   6421.   7751.
  1261.   2598.   4056.   5391.   6440.   7774.
  1266.   2606.   4069.   5407.   6460.   7798.
  1270.   2615.   4081.   5424.   6479.   7821.
  1275.   2623.   4094.   5440.   6499.   7844.
  1280.   2632.   4106.   5456.   6518.   7868.
  1284.   2640.   4119.   5473.   6537.   7891.
  1289.   2648.   4131.   5489.   6557.   7914.
  1294.   2657.   4144.   5506.   6576.   7938.
  1298.   2665.   4157.   5522.   6596.   7961.
  1303.   2674.   4169.   5539.   6615.   7984.
  1308.   2682.   4182.   5555.   6635.   8008.
  1313.   2691.   4194.   5572.   6654.   8031.
  1317.   2699.   4207.   5588.   6674.   8054.
  1322.   2707.   4220.   5605.   6694.   8078.
  1327.   2716.   4232.   5621.   6713.   8101.
  1332.   2724.   4245.   5638.   6733.   8124.
  1336.   2733.   4257.   5654.   6752.   8148.
  1341.   2741.   4270.   5671.   6772.   8171.
  1346.   2750.   4283.   5688.   6791.   8195.
  1351.   2758.   4295.   5704.   6811.   8218.
  1355.   2767.   4308.   5721.   6830.   8241.
  1360.   2775.   4321.   5737.   6850.   8265.
  1365.   2784.   4333.   5754.   6870.   8288.
  1370.   2792.   4346.   5770.   6889.   8312.
  1375.   2801.   4359.   5787.   6909.   8335.
  1380.   2809.   4372.   5804.   6929.   8359.
  1384.   2818.   4384.   5820.   6948.   8382.
  1389.   2826.   4397.   5837.   6968.   8406.
  1394.   2835.   4410.   5854.   6988.   8429.
  1399.   2844.   4422.   5870.   7007.   8453.
  1404.   2852.   4435.   5887.   7027.   8476.
  1409.   2861.   4448.   5904.   7047.   8500.
  1413.   2869.   4461.   5920.   7066.   8523.
  1418.   2878.   4474.   5937.   7086.   8547.
  1423.   2886.   4486.   5954.   7106.   8570.
  1428.   2895.   4499.   5970.   7125.   8594.
  1433.   2904.   4512.   5987.   7145.   8617.
  1438.   2912.   4525.   6004.   7165.   8641.
  1443.   2921.   4538.   6020.   7185.   8665.
  1448.   2930.   4550.   6037.   7204.   8688.
  1453.   2938.   4563.   6054.   7224.   8712.
  1458.   2947.   4576.   6071.   7244.   8735.
  1463.   2956.   4589.   6087.   7264.   8759.
  1467.   2964.   4602.   6104.   7283.   8783.
  1472.   2973.   4615.   6121.   7303.   8806.
  1477.   2982.   4627.   6138.   7323.   8830.
  1482.   2990.   4640.   6155.   7343.   8853.
  1487.   2999.   4653.   6171.   7363.   8877.
  1492.   3008.   4666.   6188.   7382.   8901.
  1497.   3016.   4679.   6205.   7402.   8924.
  1502.   3025.   4692.   6222.   7422.   8948.
  1507.   3034.   4705.   6239.   7442.   8972.
  1512.   3042.   4718.   6255.   7462.   8995.
  1517.   3051.   4731.   6272.   7482.   9019.
  1522.   3060.   4744.   6289.   7502.   9043.
  1527.   3069.   4757.   6306.   7521.   9067.
  1532.   3077.   4770.   6323.   7541.   9090.
  1537.   3086.   4783.   6340.   7561.   9114.
  1543.   3095.   4796.   6357.   7581.   9138.
  1548.   3104.   4809.   6373.   7601.   9162.
  1553.   3112.   4822.   6390.   7621.   9185.
  1558.   3121.   4835.   6407.   7641.   9209.
  1563.   3130.   4848.   6424.   7661.   9233.
  1568.   3139.   4861.   6441.   7681.   9257.
  1573.   3148.   4874.   6458.   7701.   9280.
  1578.   3156.   4887.   6475.   7721.   9304.
  1583.   3165.   4900.   6492.   7741.   9328.
  1588.   3174.   4913.   6509.   7761.   9352.
  1593.   3183.   4926.   6526.   7781.   9376.
  1599.   3192.   4939.   6543.   7801.   9399.
  1604.   3200.   4952.   6560.   7821.   9423.
  1609.   3209.   4965.   6577.   7841.   9447.
  1614.   3218.   4978.   6594.   7861.   9471.
  1619.   3227.   4991.   6611.   7881.   9495.
  1624.   3236.   5004.   6628.   7901.   9519.
  1629.   3245.   5018.   6645.   7921.   9543.
  1635.   3254.   5031.   6662.   7941.   9567.
  1640.   3263.   5044.   6679.   7961.   9590.
  1645.   3271.   5057.   6696.   7981.   9614.
  1650.   3280.   5070.   6713.   8001.   9638.
  1655.   3289.   5083.   6730.   8021.   9662.
  1661.   3298.   5096.   6747.   8041.   9686.
  1666.   3307.   5110.   6764.   8061.   9710.
  1671.   3316.   5123.   6781.   8081.   9734.
  1676.   3325.   5136.   6799.   8102.   9758.
  1682.   3334.   5149.   6816.   8122.   9782.
  1687.   3343.   5162.   6833.   8142.   9806.
  1692.   3352.   5176.   6850.   8162.   9830.
  1697.   3361.   5189.   6867.   8182.   9854.
  1703.   3370.   5202.   6884.   8202.   9878.
  1708.   3379.   5215.   6901.   8222.   9902.
  1713.   3388.   5229.   6918.   8243.   9926.
  1718.   3397.   5242.   6936.   8263.   9950.
  1724.   3406.   5255.   6953.   8283.   9974.
  1729.   3415.   5268.   6970.   8303.   9998.
  1734.   3424.   5282.   6987.   8323.  10022.
  1740.   3433.   5295.   7004.   8344.  10046.
  1745.   3442.   5308.   7022.   8364.  10070.
  1750.   3451.   5322.   7039.   8384.  10094.
  1756.   3460.   5335.   7056.   8404.  10118.
  1761.   3469.   5348.   7073.   8425.  10142.
  1766.   3478.   5362.   7090.   8445.  10166.
  1772.   3487.   5375.   7108.   8465.  10190.
  1777.   3496.   5388.   7125.   8485.  10215.
  1782.   3505.   5402.   7142.   8506.  10239.
  1788.   3514.   5415.   7160.   8526.  10263.
  1793.   3523.   5428.   7177.   8546.  10287.
  1799.   3532.   5442.   7194.   8567.  10311.
  1804.   3541.   5455.   7211.   8587.  10335.
  1809.   3550.   5469.   7229.   8607.  10359.
  1815.   3559.   5482.   7246.   8627.  10384.
  1820.   3568.   5495.   7263.   8648.  10408.
  1826.   3578.   5509.   7281.   8668.  10432.
  1831.   3587.   5522.   7298.   8689.  10456.
  1837.   3596.   5536.   7315.   8709.  10480.
  1842.   3605.   5549.   7333.   8729.  10504.
  1848.   3614.   5563.   7350.   8750.  10529.
  1853.   3623.   5576.   7367.   8770.  10553.
  1858.   3632.   5590.   7385.   8790.  10577.
  1864.   3642.   5603.   7402.   8811.  10601.
  1869.   3651.   5617.   7420.   8831.  10626.
  1875.   3660.   5630.   7437.   8852.  10650.
  1880.   3669.   5644.   7454.   8872.  10674.
  1886.   3678.   5657.   7472.   8893.  10698.
  1891.   3688.   5671.   7489.   8913.  10723.
  1897.   3697.   5684.   7507.   8933.  10747.
  1903.   3706.   5698.   7524.   8954.  10771.
  1908.   3715.   5711.   7542.   8974.  10796.
  1914.   3724.   5725.   7559.   8995.  10820.
  1919.   3734.   5738.   7577.   9015.  10844.
  1925.   3743.   5752.   7594.   9036.  10869.
  1930.   3752.   5765.   7612.   9056.  10893.
  1936.   3761.   5779.   7629.   9077.  10917.
  1941.   3771.   5793.   7647.   9097.  10942.
  1947.   3780.   5806.   7664.   9118.  10966.
  1953.   3789.   5820.   7682.   9138.  10990.
  1958.   3799.   5834.   7699.   9159.  11015.
  1964.   3808.   5847.   7717.   9180.  11039.
  1969.   3817.   5861.   7734.   9200.  11063.
  1975.   3826.   5874.   7752.   9221.  11088.
  1981.   3836.   5888.   7769.   9241.  11112.
  1986.   3845.   5902.   7787.   9262.  11137.
  1992.   3854.   5915.   7804.   9282.  11161.
  1998.   3864.   5929.   7822.   9303.  11186.
  2003.   3873.   5943.   7840.   9324.  11210.
  2009.   3883.   5957.   7857.   9344.  11234.
  2014.   3892.   5970.   7875.   9365.  11259.
  2020.   3901.   5984.   7892.   9385.  11283.
  2026.   3911.   5998.   7910.   9406.  11308.
  2032.   3920.   6011.   7928.   9427.  11332.
  2037.   3929.   6025.   7945.   9447.  11357.
  2043.   3939.   6039.   7963.   9468.  11381.
  2049.   3948.   6053.   7981.   9489.  11406.
  2054.   3958.   6066.   7998.   9509.  11430.
  2060.   3967.   6080.   8016.   9530.  11455.
  2066.   3977.   6094.   8034.   9551.  11479.
  2072.   3986.   6108.   8051.   9572.  11504.
  2077.   3996.   6122.   8069.   9592.  11528.
  2083.   4005.   6135.   8087.   9613.  11553.
  2089.   4015.   6149.   8104.   9634.  11578.
  2095.   4024.   6163.   8122.   9654.  11602.
  2100.   4033.   6177.   8140.   9675.  11627.
  2106.   4043.   6191.   8158.   9696.  11651.
  2112.   4053.   6204.   8175.   9717.  11676.
  2118.   4062.   6218.   8193.   9738.  11701.
  2123.   4072.   6232.   8211.   9758.  11725.
  2129.   4081.   6246.   8229.   9779.  11750.
  2135.   4091.   6260.   8246.   9800.  11774.
  2141.   4100.   6274.   8264.   9821.  11799.
  2147.   4110.   6288.   8282.   9842.  11824.
  2153.   4119.   6302.   8300.   9862.  11848.
  2158.   4129.   6316.   8318.   9883.  11873.
  2164.   4139.   6329.   8335.   9904.  11898.
  2170.   4148.   6343.   8353.   9925.  11922.
  2176.   4158.   6357.   8371.   9946.  11947.
  2182.   4167.   6371.   8389.   9967.  11972.
  2188.   4177.   6385.   8407.   9987.  11996.
  2194.   4187.   6399.   8425.  10008.  12021.
  2200.   4196.   6413.   8443.  10029.  12046.
  2205.   4206.   6427.   8460.  10050.  12071.
  2211.   4216.   6441.   8478.  10071.  12095.
  2217.   4225.   6455.   8496.  10092.  12120.
  2223.   4235.   6469.   8514.  10113.  12145.
  2229.   4245.   6483.   8532.  10134.  12170.
  2235.   4254.   6497.   8550.  10155.  12194.
  2241.   4264.   6511.   8568.  10176.  12219.
  2247.   4274.   6525.   8586.  10197.  12244.
  2253.   4283.   6539.   8604.  10218.  12269.
  2259.   4293.   6553.   8622.  10239.  12294.
  2265.   4303.   6567.   8640.  10260.  12318.
  2271.   4313.   6581.   8658.  10280.  12343.
  2277.   4322.   6596.   8676.  10301.  12368.
  2283.   4332.   6610.   8694.  10322.  12393.
  2289.   4342.   6624.   8712.  10344.  12418.
  2295.   4352.   6638.   8730.  10365.  12443.
  2301.   4361.   6652.   8748.  10386.  12467.
  2307.   4371.   6666.   8766.  10407.  12492.
  2313.   4381.   6680.   8784.  10428.  12517.
  2319.   4391.   6694.   8802.  10449.  12542.
  2325.   4401.   6708.   8820.  10470.  12567.
  2331.   4410.   6723.   8838.  10491.  12592.
  2337.   4420.   6737.   8856.  10512.  12617.
  2343.   4430.   6751.   8874.  10533.  12642.
  2349.   4440.   6765.   8892.  10554.  12667.
  2355.   4450.   6779.   8910.  10575.  12691.
  2361.   4460.   6793.   8928.  10596.  12716.
  2368.   4469.   6808.   8946.  10617.  12741.
  2374.   4479.   6822.   8964.  10639.  12766.
  2380.   4489.   6836.   8983.  10660.  12791.
  2386.   4499.   6850.   9001.  10681.  12816.
  2392.   4509.   6865.   9019.  10702.  12841.
  2398.   4519.   6879.   9037.  10723.  12866.
  2404.   4529.   6893.   9055.  10744.  12891.
  2410.   4539.   6907.   9073.  10765.  12916.
  2417.   4549.   6922.   9091.  10787.  12941.
  2423.   4559.   6936.   9110.  10808.  12966.
  2429.   4569.   6950.   9128.  10829.  12991.
  2435.   4579.   6964.   9146.  10850.  13016.
  2441.   4588.   6979.   9164.  10871.  13041.
  2447.   4598.   6993.   9182.  10893.  13066.
  2454.   4608.   7007.   9201.  10914.  13092.
  2460.   4618.   7022.   9219.  10935.  13117.
  2466.   4628.   7036.   9237.  10956.  13142.
  2472.   4638.   7050.   9255.  10978.  13167.
  2478.   4648.   7065.   9274.  10999.  13192.
  2485.   4658.   7079.   9292.  11020.  13217.
  2491.   4669.   7093.   9310.  11041.  13242.
  2497.   4679.   7108.   9328.  11063.  13267.
  2503.   4689.   7122.   9347.  11084.  13292.
  2510.   4699.   7136.   9365.  11105.  13317.
  2516.   4709.   7151.   9383.  11127.  13343.
  2522.   4719.   7165.   9402.  11148.  13368.
  2528.   4729.   7180.   9420.  11169.  13393.
  2535.   4739.   7194.   9438.  11191.  13418.
  2541.   4749.   7209.   9457.  11212.  13443.
  2547.   4759.   7223.   9475.  11233.  13468.
  2553.   4769.   7237.   9493.  11255.  13494.
  2560.   4779.   7252.   9512.  11276.  13519.
  2566.   4790.   7266.   9530.  11297.  13544.
  2572.   4800.   7281.   9548.  11319.  13569.
  2579.   4810.   7295.   9567.  11340.  13594.
  2585.   4820.   7310.   9585.  11362.  13620.
  2591.   4830.   7324.   9603.  11383.  13645.
  2598.   4840.   7339.   9622.  11404.  13670.
  2604.   4851.   7353.   9640.  11426.  13695.
  2610.   4861.   7368.   9659.  11447.  13721.
  2617.   4871.   7382.   9677.  11469.  13746.
  2623.   4881.   7397.   9696.  11490.  13771.
  2630.   4891.   7411.   9714.  11512.  13797.
  2636.   4902.   7426.   9732.  11533.  13822.
  2642.   4912.   7441.   9751.  11555.  13847.
  2649.   4922.   7455.   9769.  11576.  13873.
  2655.   4932.   7470.   9788.  11598.  13898.
  2662.   4943.   7484.   9806.  11619.  13923.
  2668.   4953.   7499.   9825.  11641.  13949.
  2674.   4963.   7513.   9843.  11662.  13974.
  2681.   4973.   7528.   9862.  11684.  13999.
  2687.   4984.   7543.   9880.  11705.  14025.
  2694.   4994.   7557.   9899.  11727.  14050.
  2700.   5004.   7572.   9917.  11748.  14075.
  2707.   5015.   7587.   9936.  11770.  14101.
  2713.   5025.   7601.   9955.  11791.  14126.
  2720.   5035.   7616.   9973.  11813.  14152.
  2726.   5046.   7631.   9992.  11835.  14177.
  2733.   5056.   7645.  10010.  11856.  14202.
  2739.   5066.   7660.  10029.  11878.  14228.
  2746.   5077.   7675.  10047.  11899.  14253.
  2752.   5087.   7689.  10066.  11921.  14279.
  2759.   5097.   7704.  10085.  11943.  14304.
  2765.   5108.   7719.  10103.  11964.  14330.
  2772.   5118.   7733.  10122.  11986.  14355.
  2778.   5129.   7748.  10141.  12008.  14381.
  2785.   5139.   7763.  10159.  12029.  14406.
  2791.   5149.   7778.  10178.  12051.  14432.
  2798.   5160.   7792.  10196.  12073.  14457.
  2804.   5170.   7807.  10215.  12094.  14483.
  2811.   5181.   7822.  10234.  12116.  14508.
  2818.   5191.   7837.  10253.  12138.  14534.
  2824.   5202.   7852.  10271.  12159.  14559.
  2831.   5212.   7866.  10290.  12181.  14585.
  2837.   5223.   7881.  10309.  12203.  14610.
  2844.   5233.   7896.  10327.  12225.  14636.
  2851.   5244.   7911.  10346.  12246.  14661.
  2857.   5254.   7926.  10365.  12268.  14687.
  2864.   5265.   7941.  10384.  12290.  14713.
  2870.   5275.   7955.  10402.  12312.  14738.
  2877.   5286.   7970.  10421.  12333.  14764.
  2884.   5296.   7985.  10440.  12355.  14789.
  2890.   5307.   8000.  10459.  12377.  14815.
  2897.   5317.   8015.  10477.  12399.  14841.
  2904.   5328.   8030.  10496.  12420.  14866.
  2910.   5338.   8045.  10515.  12442.  14892.
  2917.   5349.   8060.  10534.  12464.  14917.
  2924.   5360.   8074.  10553.  12486.  14943.
  2931.   5370.   8089.  10571.  12508.  14969.
  2937.   5381.   8104.  10590.  12530.  14994.
  2944.   5391.   8119.  10609.  12551.  15020.
  2951.   5402.   8134.  10628.  12573.  15046.
  2957.   5413.   8149.  10647.  12595.  15072.
  2964.   5423.   8164.  10666.  12617.  15097.
  2971.   5434.   8179.  10685.  12639.  15123.
  2978.   5444.   8194.  10703.  12661.  15149.
  2984.   5455.   8209.  10722.  12683.  15174.
  2991.   5466.   8224.  10741.  12705.  15200.
  2998.   5476.   8239.  10760.  12727.  15226.
  3005.   5487.   8254.  10779.  12749.  15252.
  3012.   5498.   8269.  10798.  12770.  15277.
  3018.   5509.   8284.  10817.  12792.  15303.
  3025.   5519.   8299.  10836.  12814.  15329.
  3032.   5530.   8314.  10855.  12836.  15355.
  3039.   5541.   8329.  10874.  12858.  15381.
  3046.   5551.   8344.  10893.  12880.  15406.
  3052.   5562.   8359.  10912.  12902.  15432.
  3059.   5573.   8374.  10931.  12924.  15458.
  3066.   5584.   8390.  10950.  12946.  15484.
  3073.   5594.   8405.  10969.  12968.  15510.
  3080.   5605.   8420.  10988.  12990.  15536.
  3087.   5616.   8435.  11007.  13012.  15561.
  3094.   5627.   8450.  11026.  13034.  15587.
  3100.   5638.   8465.  11045.  13056.  15613.
  3107.   5648.   8480.  11064.  13078.  15639.
  3114.   5659.   8495.  11083.  13100.  15665.
  3121.   5670.   8511.  11102.  13123.  15691.
  3128.   5681.   8526.  11121.  13145.  15717.
  3135.   5692.   8541.  11140.  13167.  15743.
  3142.   5703.   8556.  11159.  13189.  15768.
  3149.   5713.   8571.  11178.  13211.  15794.
  3156.   5724.   8586.  11197.  13233.  15820.
  3163.   5735.   8602.  11216.  13255.  15846.
  3170.   5746.   8617.  11235.  13277.  15872.
  3177.   5757.   8632.  11254.  13299.  15898.
  3184.   5768.   8647.  11274.  13321.  15924.
  3191.   5779.   8663.  11293.  13344.  15950.
  3198.   5790.   8678.  11312.  13366.  15976.
  3205.   5801.   8693.  11331.  13388.  16002.
  3212.   5812.   8708.  11350.  13410.  16028.
  3219.   5822.   8724.  11369.  13432.  16054.
  3226.   5833.   8739.  11389.  13455.  16080.
  3233.   5844.   8754.  11408.  13477.  16106.
  3240.   5855.   8769.  11427.  13499.  16132.
  3247.   5866.   8785.  11446.  13521.  16158.
  3254.   5877.   8800.  11465.  13543.  16184.
  3261.   5888.   8815.  11485.  13566.  16210.
  3268.   5899.   8831.  11504.  13588.  16236.
  3275.   5910.   8846.  11523.  13610.  16263.
  3282.   5921.   8861.  11542.  13632.  16289.
  3289.   5932.   8877.  11561.  13655.  16315.
  3296.   5943.   8892.  11581.  13677.  16341.
  3303.   5954.   8907.  11600.  13699.  16367.
  3310.   5965.   8923.  11619.  13721.  16393.
  3317.   5976.   8938.  11639.  13744.  16419.
  3325.   5988.   8954.  11658.  13766.  16445.
  3332.   5999.   8969.  11677.  13788.  16471.
  3339.   6010.   8984.  11696.  13811.  16498.
  3346.   6021.   9000.  11716.  13833.  16524.
  3353.   6032.   9015.  11735.  13855.  16550.
  3360.   6043.   9031.  11754.  13878.  16576.
  3367.   6054.   9046.  11774.  13900.  16602.
  3375.   6065.   9062.  11793.  13922.  16628.
  3382.   6076.   9077.  11812.  13945.  16655.
  3389.   6087.   9092.  11832.  13967.  16681.
  3396.   6099.   9108.  11851.  13989.  16707.
  3403.   6110.   9123.  11871.  14012.  16733.
  3410.   6121.   9139.  11890.  14034.  16759.
  3418.   6132.   9154.  11909.  14057.  16786.
  3425.   6143.   9170.  11929.  14079.  16812.
  3432.   6154.   9185.  11948.  14102.  16838.
  3439.   6166.   9201.  11968.  14124.  16864.
  3446.   6177.   9216.  11987.  14146.  16891.
  3454.   6188.   9232.  12006.  14169.  16917.
  3461.   6199.   9248.  12026.  14191.  16943.
  3468.   6211.   9263.  12045.  14214.  16970.
  3475.   6222.   9279.  12065.  14236.  16996.
  3483.   6233.   9294.  12084.  14259.  17022.
  3490.   6244.   9310.  12104.  14281.  17049.
  3497.   6256.   9325.  12123.  14304.  17075.
  3504.   6267.   9341.  12143.  14326.  17101.
  3512.   6278.   9357.  12162.  14349.  17128.
  3519.   6289.   9372.  12182.  14371.  17154.
  3526.   6301.   9388.  12201.  14394.  17180.
  3534.   6312.   9403.  12221.  14416.  17207.
  3541.   6323.   9419.  12240.  14439.  17233.
  3548.   6335.   9435.  12260.  14461.  17259.
  3556.   6346.   9450.  12279.  14484.  17286.
  3563.   6357.   9466.  12299.  14507.  17312.
  3570.   6369.   9482.  12319.  14529.  17339.
  3578.   6380.   9497.  12338.  14552.  17365.
  3585.   6391.   9513.  12358.  14574.  17391.
  3592.   6403.   9529.  12377.  14597.  17418.
  3600.   6414.   9545.  12397.  14620.  17444.
  3607.   6425.   9560.  12417.  14642.  17471.
  3614.   6437.   9576.  12436.  14665.  17497.
  3622.   6448.   9592.  12456.  14687.  17524.
  3629.   6460.   9607.  12475.  14710.  17550.
  3637.   6471.   9623.  12495.  14733.  17577.
  3644.   6482.   9639.  12515.  14755.  17603.
  3651.   6494.   9655.  12534.  14778.  17630.
  3659.   6505.   9670.  12554.  14801.  17656.
  3666.   6517.   9686.  12574.  14823.  17683.
  3674.   6528.   9702.  12593.  14846.  17709.
  3681.   6540.   9718.  12613.  14869.  17736.
  3689.   6551.   9734.  12633.  14892.  17762.
  3696.   6563.   9749.  12653.  14914.  17789.
  3703.   6574.   9765.  12672.  14937.  17815.
  3711.   6586.   9781.  12692.  14960.  17842.
  3718.   6597.   9797.  12712.  14983.  17868.
  3726.   6609.   9813.  12731.  15005.  17895.
  3733.   6620.   9829.  12751.  15028.  17922.
  3741.   6632.   9844.  12771.  15051.  17948.
  3748.   6643.   9860.  12791.  15074.  17975.
  3756.   6655.   9876.  12811.  15096.  18001.
  3763.   6666.   9892.  12830.  15119.  18028.
  3771.   6678.   9908.  12850.  15142.  18055.
  3778.   6690.   9924.  12870.  15165.  18081.
  3786.   6701.   9940.  12890.  15188.  18108.
  3794.   6713.   9956.  12909.  15210.  18135.
  3801.   6724.   9972.  12929.  15233.  18161.
  3809.   6736.   9988.  12949.  15256.  18188.
  3816.   6748.  10003.  12969.  15279.  18215.
  3824.   6759.  10019.  12989.  15302.  18241.
  3831.   6771.  10035.  13009.  15325.  18268.
  3839.   6782.  10051.  13029.  15348.  18295.
  3847.   6794.  10067.  13048.  15370.  18321.
  3854.   6806.  10083.  13068.  15393.  18348.
  3862.   6817.  10099.  13088.  15416.  18375.
  3870.   6829.  10115.  13108.  15439.  18402.
  3877.   6841.  10131.  13128.  15462.  18428.
  3885.   6852.  10147.  13148.  15485.  18455.
  3893.   6864.  10163.  13168.  15508.  18482.
  3900.   6876.  10179.  13188.  15531.  18509.
  3908.   6888.  10195.  13208.  15554.  18535.
  3916.   6899.  10211.  13228.  15577.  18562.
  3923.   6911.  10228.  13248.  15600.  18589.
  3931.   6923.  10244.  13268.  15623.  18616.
  3939.   6934.  10260.  13288.  15646.  18643.
  3946.   6946.  10276.  13308.  15669.  18669.
  3954.   6958.  10292.  13327.  15692.  18696.
  3962.   6970.  10308.  13347.  15715.  18723.
  3970.   6982.  10324.  13367.  15738.  18750.
  3977.   6993.  10340.  13388.  15761.  18777.
  3985.   7005.  10356.  13408.  15784.  18804.
  3993.   7017.  10372.  13428.  15807.  18830.
  4001.   7029.  10389.  13448.  15830.  18857.
  4008.   7041.  10405.  13468.  15853.  18884.
  4016.   7052.  10421.  13488.  15876.  18911.
  4024.   7064.  10437.  13508.  15899.  18938.
  4032.   7076.  10453.  13528.  15922.  18965.
  4040.   7088.  10469.  13548.  15945.  18992.
  4048.   7100.  10486.  13568.  15968.  19019.
  4055.   7112.  10502.  13588.  15991.  19046.
  4063.   7124.  10518.  13608.  16015.  19073.
  4071.   7135.  10534.  13628.  16038.  19099.
  4079.   7147.  10550.  13648.  16061.  19126.
  4087.   7159.  10567.  13669.  16084.  19153.
  4095.   7171.  10583.  13689.  16107.  19180.
  4103.   7183.  10599.  13709.  16130.  19207.
  4110.   7195.  10615.  13729.  16153.  19234.
  4118.   7207.  10632.  13749.  16177.  19261.
  4126.   7219.  10648.  13769.  16200.  19288.
  4134.   7231.  10664.  13789.  16223.  19315.
  4142.   7243.  10680.  13810.  16246.  19342.
  4150.   7255.  10697.  13830.  16269.  19369.
  4158.   7267.  10713.  13850.  16293.  19396.
  4166.   7279.  10729.  13870.  16316.  19423.
  4174.   7291.  10746.  13890.  16339.  19451.
  4182.   7303.  10762.  13911.  16362.  19478.
  4190.   7315.  10778.  13931.  16385.  19505.
  4198.   7327.  10795.  13951.  16409.  19532.
  4206.   7339.  10811.  13971.  16432.  19559.
  4214.   7351.  10827.  13992.  16455.  19586.
  4222.   7363.  10844.  14012.  16478.  19613.
  4230.   7375.  10860.  14032.  16502.  19640.
  4238.   7387.  10877.  14052.  16525.  19667.
  4246.   7399.  10893.  14073.  16548.  19694.
  4254.   7411.  10909.  14093.  16572.  19721.
  4262.   7423.  10926.  14113.  16595.  19749.
  4270.   7435.  10942.  14134.  16618.  19776.
  4278.   7447.  10959.  14154.  16642.  19803.
  4286.   7459.  10975.  14174.  16665.  19830.
  4294.   7472.  10991.  14195.  16688.  19857.
  4302.   7484.  11008.  14215.  16712.  19884.
  4310.   7496.  11024.  14235.  16735.  19912.
  4319.   7508.  11041.  14256.  16758.  19939.
  4327.   7520.  11057.  14276.  16782.  19966.
  4335.   7532.  11074.  14296.  16805.  19993.
  4343.   7544.  11090.  14317.  16829.  20020.
  4351.   7557.  11107.  14337.  16852.  20048.
  4359.   7569.  11123.  14358.  16875.  20075.
  4367.   7581.  11140.  14378.  16899.  20102.
  4376.   7593.  11156.  14399.  16922.  20129.
  4384.   7605.  11173.  14419.  16946.  20157.
  4392.   7618.  11189.  14439.  16969.  20184.
  4400.   7630.  11206.  14460.  16993.  20211.
  4408.   7642.  11222.  14480.  17016.  20239.
  4417.   7654.  11239.  14501.  17040.  20266.
  4425.   7667.  11256.  14521.  17063.  20293.
  4433.   7679.  11272.  14542.  17087.  20320.
  4441.   7691.  11289.  14562.  17110.  20348.
  4449.   7703.  11305.  14583.  17134.  20375.
  4458.   7716.  11322.  14603.  17157.  20402.
  4466.   7728.  11339.  14624.  17181.  20430.
  4474.   7740.  11355.  14644.  17204.  20457.
  4482.   7753.  11372.  14665.  17228.  20484.
  4491.   7765.  11389.  14685.  17251.  20512.
  4499.   7777.  11405.  14706.  17275.  20539.
  4507.   7789.  11422.  14726.  17298.  20567.
  4516.   7802.  11438.  14747.  17322.  20594.
  4524.   7814.  11455.  14767.  17345.  20621.
  4532.   7827.  11472.  14788.  17369.  20649.
  4541.   7839.  11489.  14809.  17393.  20676.
  4549.   7851.  11505.  14829.  17416.  20704.
  4557.   7864.  11522.  14850.  17440.  20731.
  4566.   7876.  11539.  14870.  17463.  20759.
  4574.   7888.  11555.  14891.  17487.  20786.
  4582.   7901.  11572.  14912.  17511.  20813.
  4591.   7913.  11589.  14932.  17534.  20841.
  4599.   7926.  11606.  14953.  17558.  20868.
  4608.   7938.  11622.  14974.  17582.  20896.
  4616.   7951.  11639.  14994.  17605.  20923.
  4624.   7963.  11656.  15015.  17629.  20951.
  4633.   7975.  11673.  15036.  17653.  20978.
  4641.   7988.  11689.  15056.  17676.  21006.
  4650.   8000.  11706.  15077.  17700.  21033.
  4658.   8013.  11723.  15098.  17724.  21061.
  4667.   8025.  11740.  15118.  17748.  21088.
  4675.   8038.  11757.  15139.  17771.  21116.
  4683.   8050.  11773.  15160.  17795.  21144.
  4692.   8063.  11790.  15181.  17819.  21171.
  4700.   8075.  11807.  15201.  17842.  21199.
  4709.   8088.  11824.  15222.  17866.  21226.
  4717.   8100.  11841.  15243.  17890.  21254.
  4726.   8113.  11858.  15264.  17914.  21281.
  4734.   8126.  11875.  15284.  17938.  21309.
  4743.   8138.  11892.  15305.  17961.  21337.
  4752.   8151.  11908.  15326.  17985.  21364.
  4760.   8163.  11925.  15347.  18009.  21392.
  4769.   8176.  11942.  15368.  18033.  21420.
  4777.   8188.  11959.  15388.  18057.  21447.
  4786.   8201.  11976.  15409.  18080.  21475.
  4794.   8214.  11993.  15430.  18104.  21503.
  4803.   8226.  12010.  15451.  18128.  21530.
  4812.   8239.  12027.  15472.  18152.  21558.
  4820.   8251.  12044.  15493.  18176.  21586.
  4829.   8264.  12061.  15513.  18200.  21613.
  4837.   8277.  12078.  15534.  18224.  21641.
  4846.   8289.  12095.  15555.  18247.  21669.
  4855.   8302.  12112.  15576.  18271.  21696.
  4863.   8315.  12129.  15597.  18295.  21724.
  4872.   8327.  12146.  15618.  18319.  21752.
  4881.   8340.  12163.  15639.  18343.  21780.
  4889.   8353.  12180.  15660.  18367.  21807.
  4898.   8366.  12197.  15681.  18391.  21835.
  4907.   8378.  12214.  15702.  18415.  21863.
  4915.   8391.  12231.  15722.  18439.  21891.
  4924.   8404.  12248.  15743.  18463.  21918.
  4933.   8416.  12265.  15764.  18487.  21946.
  4941.   8429.  12282.  15785.  18511.  21974.
  4950.   8442.  12299.  15806.  18535.  22002.
  4959.   8455.  12316.  15827.  18559.  22030.
  4968.   8468.  12333.  15848.  18583.  22057.
  4976.   8480.  12351.  15869.  18607.  22085.
  4985.   8493.  12368.  15890.  18631.  22113.
  4994.   8506.  12385.  15911.  18655.  22141.
  5003.   8519.  12402.  15932.  18679.  22169.
  5011.   8532.  12419.  15953.  18703.  22197.
  5020.   8544.  12436.  15974.  18727.  22225.
  5029.   8557.  12453.  15995.  18751.  22252.
  5038.   8570.  12470.  16017.  18775.  22280.
  5047.   8583.  12488.  16038.  18799.  22308.
  5055.   8596.  12505.  16059.  18823.  22336.
  5064.   8609.  12522.  16080.  18847.  22364.
  5073.   8621.  12539.  16101.  18871.  22392.
  5082.   8634.  12556.  16122.  18896.  22420.
  5091.   8647.  12574.  16143.  18920.  22448.
  5100.   8660.  12591.  16164.  18944.  22476.
  5109.   8673.  12608.  16185.  18968.  22504.
  5117.   8686.  12625.  16206.  18992.  22532.
  5126.   8699.  12643.  16228.  19016.  22560.
  5135.   8712.  12660.  16249.  19040.  22588.
  5144.   8725.  12677.  16270.  19065.  22616.
  5153.   8738.  12694.  16291.  19089.  22644.
  5162.   8751.  12712.  16312.  19113.  22672.
  5171.   8764.  12729.  16333.  19137.  22700.
  5180.   8777.  12746.  16355.  19161.  22728.
  5189.   8790.  12764.  16376.  19185.  22756.
  5198.   8803.  12781.  16397.  19210.  22784.
  5207.   8816.  12798.  16418.  19234.  22812.
  5216.   8829.  12816.  16439.  19258.  22840.
  5225.   8842.  12833.  16461.  19282.  22868.
  5234.   8855.  12850.  16482.  19307.  22896.
  5243.   8868.  12868.  16503.  19331.  22924.
  5252.   8881.  12885.  16524.  19355.  22952.
  5261.   8894.  12902.  16546.  19379.  22980.
  5270.   8907.  12920.  16567.  19404.  23008.
  5279.   8920.  12937.  16588.  19428.  23036.
  5288.   8933.  12954.  16610.  19452.  23065.
  5297.   8946.  12972.  16631.  19477.  23093.
  5306.   8959.  12989.  16652.  19501.  23121.
  5315.   8972.  13007.  16673.  19525.  23149.
  5324.   8985.  13024.  16695.  19550.  23177.
  5333.   8998.  13042.  16716.  19574.  23205.
  5342.   9012.  13059.  16737.  19598.  23233.
  5351.   9025.  13076.  16759.  19623.  23262.
  5360.   9038.  13094.  16780.  19647.  23290.
  5370.   9051.  13111.  16801.  19671.  23318.
  5379.   9064.  13129.  16823.  19696.  23346.
  5388.   9077.  13146.  16844.  19720.  23374.
  5397.   9090.  13164.  16866.  19744.  23403.
  5406.   9104.  13181.  16887.  19769.  23431.
  5415.   9117.  13199.  16908.  19793.  23459.
  5424.   9130.  13216.  16930.  19818.  23487.
  5434.   9143.  13234.  16951.  19842.  23516.
  5443.   9156.  13251.  16973.  19867.  23544.
  5452.   9170.  13269.  16994.  19891.  23572.
  5461.   9183.  13286.  17016.  19915.  23600.
  5470.   9196.  13304.  17037.  19940.  23629.
  5480.   9209.  13322.  17058.  19964.  23657.
  5489.   9223.  13339.  17080.  19989.  23685.
  5498.   9236.  13357.  17101.  20013.  23713.
  5507.   9249.  13374.  17123.  20038.  23742.
  5516.   9262.  13392.  17144.  20062.  23770.
  5526.   9276.  13410.  17166.  20087.  23798.
  5535.   9289.  13427.  17187.  20111.  23827.
  5544.   9302.  13445.  17209.  20136.  23855.
  5554.   9316.  13462.  17230.  20160.  23883.
  5563.   9329.  13480.  17252.  20185.  23912.
  5572.   9342.  13498.  17273.  20210.  23940.
  5581.   9356.  13515.  17295.  20234.  23969.
  5591.   9369.  13533.  17317.  20259.  23997.
  5600.   9382.  13551.  17338.  20283.  24025.
  5609.   9396.  13568.  17360.  20308.  24054.
  5619.   9409.  13586.  17381.  20332.  24082.
  5628.   9422.  13604.  17403.  20357.  24111.
  5637.   9436.  13621.  17425.  20382.  24139.
  5647.   9449.  13639.  17446.  20406.  24167.
  5656.   9462.  13657.  17468.  20431.  24196.
  5666.   9476.  13675.  17489.  20455.  24224.
  5675.   9489.  13692.  17511.  20480.  24253.
  5684.   9503.  13710.  17533.  20505.  24281.
  5694.   9516.  13728.  17554.  20529.  24310.
  5703.   9530.  13746.  17576.  20554.  24338.
  5713.   9543.  13763.  17598.  20579.  24367.
  5722.   9557.  13781.  17619.  20603.  24395.
  5731.   9570.  13799.  17641.  20628.  24424.
  5741.   9583.  13817.  17663.  20653.  24452.
  5750.   9597.  13835.  17684.  20677.  24481.
  5760.   9610.  13852.  17706.  20702.  24509.
  5769.   9624.  13870.  17728.  20727.  24538.
  5779.   9637.  13888.  17749.  20752.  24566.
  5788.   9651.  13906.  17771.  20776.  24595.
  5798.   9664.  13924.  17793.  20801.  24624.
  5807.   9678.  13942.  17815.  20826.  24652.
  5817.   9692.  13959.  17836.  20851.  24681.
  5826.   9705.  13977.  17858.  20875.  24709.
  5836.   9719.  13995.  17880.  20900.  24738.
  5845.   9732.  14013.  17902.  20925.  24766.
  5855.   9746.  14031.  17924.  20950.  24795.
  5864.   9759.  14049.  17945.  20975.  24824.
  5874.   9773.  14067.  17967.  20999.  24852.
  5883.   9787.  14085.  17989.  21024.  24881.
  5893.   9800.  14103.  18011.  21049.  24910.
  5903.   9814.  14121.  18033.  21074.  24938.
  5912.   9827.  14139.  18054.  21099.  24967.
  5922.   9841.  14156.  18076.  21124.  24996.
  5931.   9855.  14174.  18098.  21148.  25024.
  5941.   9868.  14192.  18120.  21173.  25053.
  5951.   9882.  14210.  18142.  21198.  25082.
  5960.   9896.  14228.  18164.  21223.  25110.
  5970.   9909.  14246.  18186.  21248.  25139.
  5980.   9923.  14264.  18208.  21273.  25168.
  5989.   9937.  14282.  18229.  21298.  25196.
  5999.   9950.  14300.  18251.  21323.  25225.
  6009.   9964.  14318.  18273.  21348.  25254.
  6018.   9978.  14336.  18295.  21373.  25283.
