12.07738 44.60016 283.649994
11.28402 44.83906 281.350006
11.28402 44.83906 281.449982
11.66134 44.85799 281.850006
12.26798 44.16614 280.549988
12.26798 44.16614 280.350006
11.62264 44.65378 281.649994
11.32646 44.26093 276.049988
11.32646 44.26093 276.049988
11.00414 44.50405 278.75
11.00414 44.50405 278.75
10.29584 44.6837 279.649994
10.29584 44.6837 279.549988
11.74953 44.3332 280.449982
11.74953 44.3332 280.549988
10.27245 44.80806 280.350006
10.27245 44.80806 280.549988
11.24125 44.43967 278.149994
11.24125 44.43967 278.149994
11.46158 44.40258 278.949982
11.46158 44.40258 279.049988
12.25036 44.81287 282.75
10.874 44.88481 280.949982
10.874 44.88481 280.850006
11.95861 44.36013 281.850006
11.95861 44.36013 281.949982
12.53622 43.95249 279.949982
12.53622 43.95249 279.75
11.65107 44.24762 278.049988
11.71961 44.23305 280.449982
10.9567 44.70214 281.350006
11.02953 44.6313 280.649994
11.86667 44.44853 282.350006
12.1602 44.31392 281.949982
12.5005 44.03456 279.75
11.14493 44.695 281.850006
11.8213 44.9163 282.25
10.77293 44.74325 280.850006
10.51062 44.68953 279.949982
12.27459 44.08903 281.75
11.84403 44.5635 282.649994
11.53379 44.57105 280.75
11.7327 44.56861 281.850006
11.59701 44.41111 278.75
10.90937 44.55123 279.149994
10.16786 45.00695 280.75
10.57823 44.83695 280.75
10.50865 44.47562 275.949982
10.62267 44.32806 274.949982
10.03873 44.78042 278.649994
11.01631 44.88612 280.649994
11.92381 44.27592 280.75
11.9819 44.04111 280.350006
9.58959 45.04139 279.949982
10.00494 45.00253 280.549988
11.12578 44.82606 281.25
11.29056 44.62775 281.25
11.75408 44.41953 279.449982
12.64294 43.91182 279.949982
11.80825 44.12022 278.350006
11.74639 44.74656 281.75
11.45436 44.83186 281.549988
11.20006 44.49614 279.149994
10.34959 44.94378 280.350006
10.08311 44.89347 280.149994
10.35704 44.64273 278.949982
10.14737 44.74272 279.850006
10.22581 44.87717 280.449982
10.25851 44.6482 277.949982
10.85326 44.69345 281.25
10.97129 44.77839 281.149994
11.72671 44.6222 281.470001
11.60264 44.45834 278.529999
11.54998 44.52203 279.029999
11.42939 44.49023 278.669983
11.72418 44.39725 279.75
11.59497 44.59803 281.309998
11.52 44.50927 278.97998
10.3807 44.88547 280.549988
11.75545 44.21978 280.75
9.67965 45.05492 280.25
10.32739 44.80178 280.549988
10.6337 44.69781 280.850006
10.91699 44.65639 280.850006
11.32879 44.50075 279.75
11.62114 44.8325 281.850006
12.20003 44.415 283.449982
12.04182 44.22039 280.75
12.24364 44.1382 280.549988
12.57354 44.05919 281.25
12.07738 44.60016 284.350006
11.28402 44.83906 282.149994
11.28402 44.83906 282.25
11.66134 44.85799 283.25
12.26798 44.16614 281.649994
12.26798 44.16614 281.549988
11.62264 44.65378 282.949982
11.32646 44.26093 275.949982
11.32646 44.26093 275.949982
11.00414 44.50405 278.949982
11.00414 44.50405 278.949982
10.29584 44.6837 279.850006
10.29584 44.6837 279.75
11.74953 44.3332 281.350006
11.74953 44.3332 281.549988
10.27245 44.80806 280.350006
10.27245 44.80806 280.649994
11.24125 44.43967 279.549988
11.24125 44.43967 279.649994
11.46158 44.40258 279.850006
11.46158 44.40258 280.049988
12.25036 44.81287 284.25
10.874 44.88481 281.549988
10.874 44.88481 281.449982
11.95861 44.36013 282.850006
11.95861 44.36013 282.850006
12.53622 43.95249 280.350006
12.53622 43.95249 280.25
11.65107 44.24762 279.649994
11.71961 44.23305 279.75
10.9567 44.70214 281.549988
11.02953 44.6313 280.75
11.86667 44.44853 283.449982
12.1602 44.31392 283.350006
12.5005 44.03456 280.850006
11.14493 44.695 282.449982
11.8213 44.9163 283.350006
10.77293 44.74325 280.949982
10.51062 44.68953 279.949982
12.27459 44.08903 281.350006
11.84403 44.5635 283.649994
11.53379 44.57105 281.949982
11.7327 44.56861 283.049988
11.59701 44.41111 280.649994
10.90937 44.55123 279.350006
10.16786 45.00695 280.850006
10.57823 44.83695 281.149994
10.50865 44.47562 275.949982
10.62267 44.32806 273.949982
10.03873 44.78042 278.75
11.01631 44.88612 281.149994
11.92381 44.27592 281.649994
11.9819 44.04111 280.350006
9.58959 45.04139 280.149994
10.00494 45.00253 280.75
11.12578 44.82606 281.649994
11.29056 44.62775 282.149994
11.75408 44.41953 281.449982
12.64294 43.91182 281.049988
11.80825 44.12022 278.049988
11.74639 44.74656 283.549988
11.45436 44.83186 282.75
11.20006 44.49614 280.049988
10.34959 44.94378 280.449982
10.08311 44.89347 280.25
10.35704 44.64273 279.049988
10.14737 44.74272 280.049988
10.22581 44.87717 280.549988
10.25851 44.6482 278.049988
10.85326 44.69345 281.350006
10.97129 44.77839 281.449982
11.72671 44.6222 282.809998
11.60264 44.45834 280.25
11.54998 44.52203 280.380005
11.42939 44.49023 280.029999
11.72418 44.39725 281.389984
11.59497 44.59803 282.769989
11.52 44.50927 280.509979
10.3807 44.88547 280.75
11.75545 44.21978 280.649994
9.67965 45.05492 280.350006
10.32739 44.80178 280.449982
10.6337 44.69781 280.649994
10.91699 44.65639 280.75
11.32879 44.50075 280.449982
11.62114 44.8325 282.850006
12.20003 44.415 284.049988
12.04182 44.22039 281.449982
12.24364 44.1382 281.149994
12.57354 44.05919 281.75
