  -9999.000 24382
      0.662 118958
      1.111 323830
      1.668 523079
      1.574 523753
      0.953 419846
      0.738 462695
      0.737 591183
      0.728 620816
      0.685 696774
      0.590 367980
      0.619 291102
      0.599 296177
      0.523 329454
      0.532 306435
      0.463 197305
      0.427 81400
      0.380 52918
      0.336 49748
      0.303 32596
      0.277 10390
      0.250 2202
      0.222 1384
      0.195 1209
      0.167 0
      0.139 0
      0.113 0
      0.088 0
      0.063 0
      0.048 0
      0.042 0
      0.034 0
      0.029 0
      0.024 0
      0.021 0
      0.018 0
      0.016 0
      0.014 0
      0.013 0
      0.012 0
      0.010 0
      0.008 0
      0.005 0
      0.005 0
      0.005 0
      0.005 0
      0.004 0
      0.004 0
      0.004 0
      0.004 0
      0.003 0
      0.003 0
      0.002 0
      0.001 0
      0.000 0
      0.000 0
      0.000 0
      0.000 0
      0.000 0
      0.000 0
      0.000 0
      0.000 0
      0.000 0
      0.000 0
      0.000 0
      0.000 0
      0.000 0
      0.000 0
      0.000 0
      0.000 0
